person 0.9804850816726685 806 168 104 187
bicycle 0.994260847568512 1066 193 117 58
bicycle 0.9874377846717834 797 245 124 131
bicycle 0.9181727766990662 878 184 90 58
bicycle 0.7134708166122437 642 191 42 33
car 0.8758140206336975 288 159 136 106
car 0.5980754494667053 420 168 50 42
traffic_light 0.7766277194023132 1156 91 29 37
traffic_light 0.7611134648323059 107 106 33 39
traffic_light 0.747602641582489 -1 0 62 89
traffic_light 0.7370004057884216 56 105 26 41
traffic_light 0.5018519163131714 1201 87 34 39
