person 0.9182537198066711 831 181 42 95
person 0.8547240495681763 165 157 68 171
bicycle 0.5415717959403992 831 225 32 53
car 0.9735355973243713 702 180 48 37
car 0.9707828164100647 909 189 46 37
car 0.9561100006103516 940 188 31 50
car 0.9252870082855225 874 184 48 33
car 0.5771934390068054 750 175 16 17
car 0.5645387768745422 811 172 51 45
car 0.5474289059638977 799 178 15 14
car 0.4096664488315582 793 177 11 13
truck 0.9796659350395203 955 119 296 259
truck 0.6999405026435852 812 172 47 50
umbrella 0.41465532779693604 59 66 238 61
chair 0.5163928866386414 317 233 49 76
