person 0.9032654166221619 816 183 40 93
person 0.45182207226753235 352 183 26 40
bicycle 0.6593654155731201 821 223 28 58
car 0.9930471181869507 875 190 97 51
car 0.972707211971283 847 188 40 43
car 0.9682462811470032 618 181 50 39
car 0.8675127029418945 778 185 27 27
car 0.7867605686187744 728 174 50 46
car 0.7215847373008728 715 178 15 13
car 0.642721951007843 706 178 16 12
car 0.5551533699035645 799 185 26 31
car 0.4402298927307129 664 175 17 17
truck 0.9441565275192261 990 116 251 257
