person 0.8637310266494751 770 186 41 71
bicycle 0.7452100515365601 781 221 30 56
car 0.9880379438400269 805 187 101 61
car 0.982872724533081 711 182 48 37
car 0.9572697877883911 506 179 59 44
car 0.9565907120704651 -2 186 185 109
car 0.9261094927787781 622 170 46 44
car 0.8756685853004456 684 183 34 29
car 0.8561275601387024 747 189 33 41
car 0.7613010406494141 675 182 35 27
car 0.6653426289558411 669 182 24 24
car 0.4530124068260193 536 174 26 19
car 0.41438665986061096 605 173 17 13
