person 0.8668389916419983 754 184 48 76
bicycle 0.404487282037735 775 237 24 41
car 0.9913436770439148 799 189 103 61
car 0.9574751257896423 486 180 62 45
car 0.9558841586112976 697 182 53 43
car 0.8325221538543701 736 191 46 40
car 0.8236585855484009 -1 190 162 118
car 0.7205883264541626 607 171 45 43
car 0.7034769058227539 662 183 38 28
car 0.6454021334648132 652 182 20 25
car 0.5045536160469055 655 182 37 26
car 0.487159788608551 674 183 30 31
car 0.46679970622062683 590 173 15 14
car 0.4223564863204956 549 171 17 19
car 0.40988850593566895 544 174 15 18
car 0.4088587760925293 601 173 16 15
