person 0.8842777013778687 656 183 40 90
person 0.5402536988258362 451 170 17 20
bicycle 0.6921914219856262 661 230 32 45
car 0.9972220063209534 741 190 117 78
car 0.9871081709861755 610 183 52 45
car 0.9408913850784302 583 183 33 35
car 0.8982431292533875 502 171 40 39
car 0.883251428604126 355 181 82 56
car 0.8470458984375 678 190 69 56
car 0.819126307964325 554 181 21 28
car 0.6971029043197632 567 183 29 31
car 0.5479843616485596 380 178 60 50
car 0.4440968930721283 431 173 25 24
