person 0.8671244382858276 637 182 36 74
bicycle 0.6074665188789368 645 222 31 52
bicycle 0.5787793397903442 1188 229 55 87
car 0.9972573518753052 735 188 117 84
car 0.9829909801483154 328 181 88 60
car 0.9611195921897888 562 182 36 33
car 0.9590464234352112 664 188 72 60
car 0.9446115493774414 598 180 57 47
car 0.8870429992675781 486 171 39 40
car 0.7447488903999329 538 181 23 26
car 0.6392530798912048 551 183 27 30
car 0.5275946855545044 592 182 39 43
car 0.517852783203125 376 175 50 55
car 0.45271578431129456 526 179 20 21
