person 0.9396732449531555 805 164 97 195
person 0.4578319489955902 161 184 22 30
bicycle 0.9916649460792542 926 184 101 61
bicycle 0.9829561114311218 794 244 120 132
bicycle 0.9230033755302429 1140 192 100 61
bicycle 0.8053830862045288 668 189 52 39
bicycle 0.6074275374412537 461 201 41 37
bicycle 0.5514500141143799 436 201 24 34
bicycle 0.4849068820476532 1207 202 35 55
car 0.9824935793876648 286 160 132 104
car 0.5789313912391663 436 170 54 37
traffic_light 0.9305998682975769 45 104 27 41
traffic_light 0.7802553772926331 103 106 32 39
