person 0.800488293170929 564 182 41 83
person 0.4603840708732605 390 173 18 23
bicycle 0.41247352957725525 577 229 28 45
car 0.996135950088501 711 184 140 99
car 0.994483470916748 610 186 105 71
car 0.9823689460754395 433 173 43 40
car 0.9823160767555237 239 190 97 69
car 0.9371174573898315 521 184 38 36
car 0.8364260792732239 502 184 30 30
car 0.8115097880363464 304 179 59 60
car 0.7645776867866516 487 180 24 26
car 0.6522668600082397 553 180 61 46
car 0.45547112822532654 472 179 17 23
car 0.40320920944213867 357 166 35 34
