person 0.9073605537414551 551 182 41 82
person 0.4386884272098541 391 177 11 22
bicycle 0.6462588906288147 558 223 30 51
car 0.9959798455238342 607 187 109 75
car 0.9920318722724915 213 195 112 70
car 0.9917718768119812 714 186 144 105
car 0.9463767409324646 428 175 39 40
car 0.8585309386253357 493 185 33 29
car 0.8214630484580994 286 183 67 56
car 0.8071272373199463 512 183 39 42
car 0.7829738855361938 489 184 22 29
car 0.6505231261253357 472 181 24 23
car 0.5958128571510315 853 177 29 23
car 0.47381410002708435 351 170 34 37
car 0.4500584304332733 325 184 30 54
car 0.42696771025657654 500 186 30 33
