person 0.961082398891449 506 177 43 85
person 0.49083495140075684 399 175 15 21
bicycle 0.6392174959182739 521 217 23 53
car 0.9971446394920349 96 199 184 101
car 0.9961642026901245 628 179 173 110
car 0.9885798692703247 238 186 83 71
car 0.9884080290794373 312 186 39 49
car 0.9863315224647522 824 176 237 193
car 0.9738558530807495 561 176 82 65
car 0.8929678797721863 433 169 40 39
car 0.6609652042388916 486 175 24 27
car 0.5729732513427734 473 174 18 21
car 0.5563958883285522 499 175 25 29
car 0.40997564792633057 328 181 41 28
