person 0.9744114875793457 512 175 38 87
person 0.7705175876617432 407 172 15 26
person 0.6805402040481567 708 161 25 23
bicycle 0.786040723323822 522 212 28 58
car 0.9977914094924927 643 178 183 120
car 0.9962871074676514 86 198 191 106
car 0.9927339553833008 862 175 275 195
car 0.9920938014984131 318 185 38 51
car 0.9918118119239807 570 173 89 71
car 0.9798612594604492 239 183 86 77
car 0.8062117695808411 446 169 33 34
car 0.6997693777084351 423 170 18 9
car 0.6676721572875977 502 174 25 29
car 0.6610371470451355 484 174 20 22
car 0.4741615653038025 541 175 41 55
car 0.418636292219162 370 165 37 37
