person 0.9500351548194885 516 177 36 74
person 0.8817073106765747 723 161 29 24
person 0.5744059085845947 420 172 13 25
person 0.45527398586273193 413 173 18 24
bicycle 0.7950183749198914 525 213 27 55
car 0.9969493746757507 656 181 199 124
car 0.995573878288269 71 197 207 110
car 0.9931113719940186 320 186 41 50
car 0.988483190536499 583 173 88 76
car 0.9833136200904846 905 175 335 197
car 0.9826915264129639 236 179 94 84
car 0.9313596487045288 548 177 45 53
car 0.6813334226608276 451 167 38 37
car 0.5422306060791016 498 172 34 28
car 0.4062248766422272 492 173 18 21
