person 0.8784505128860474 742 162 28 25
person 0.8541409373283386 520 175 34 73
person 0.7163642644882202 427 172 16 27
bicycle 0.8309391140937805 529 213 27 55
car 0.9942300915718079 589 173 104 79
car 0.9936362504959106 668 184 226 132
car 0.9912945032119751 50 198 228 120
car 0.9895805716514587 325 186 41 50
car 0.9841997027397156 972 181 263 193
car 0.9791133999824524 236 180 99 84
car 0.8622798323631287 554 178 42 53
car 0.7626622319221497 358 180 38 28
car 0.7281364798545837 462 168 35 35
car 0.6826704144477844 503 174 19 22
car 0.40271908044815063 318 192 40 50
