person 0.9709426760673523 542 178 33 86
person 0.7446200847625732 459 175 20 28
person 0.7279263138771057 834 163 33 35
bicycle 0.4822714924812317 547 214 24 58
car 0.9969522953033447 636 175 127 95
car 0.9937413334846497 740 191 383 183
car 0.987320601940155 336 196 40 53
car 0.9867354035377502 -1 207 259 147
car 0.9850188493728638 350 187 50 47
car 0.9667381644248962 223 182 120 102
car 0.9167912602424622 383 182 49 30
car 0.9087863564491272 600 181 52 63
car 0.814806342124939 575 179 40 48
car 0.5876736044883728 500 170 34 37
