person 0.9681731462478638 551 175 35 76
person 0.9376054406166077 887 161 41 45
person 0.5584286451339722 477 170 17 31
bicycle 0.6910163164138794 555 212 28 58
car 0.9980765581130981 659 176 149 102
car 0.9936205148696899 797 192 441 182
car 0.9888436794281006 358 185 55 48
car 0.9757431745529175 0 203 239 168
car 0.9756593108177185 336 191 51 61
car 0.9629275798797607 615 179 63 69
car 0.9490423202514648 207 178 137 110
car 0.9276716113090515 399 178 46 32
car 0.8308306336402893 592 177 41 50
car 0.6798509359359741 517 168 33 34
car 0.49916982650756836 579 176 36 36
