person 0.9907525181770325 1088 157 76 149
person 0.9819796085357666 576 173 35 81
person 0.42073044180870056 508 173 17 32
bicycle 0.5714479088783264 581 213 27 59
car 0.9971713423728943 725 172 238 154
car 0.9967054128646851 89 177 240 143
car 0.994127631187439 364 185 65 56
car 0.9822371602058411 321 195 72 71
car 0.9790791869163513 665 181 103 91
car 0.9757005572319031 -1 219 129 155
car 0.9146085381507874 645 181 52 60
car 0.8764403462409973 557 167 29 35
car 0.7443596720695496 614 174 40 36
car 0.6102569699287415 630 176 30 52
car 0.5734754800796509 421 178 52 35
car 0.5679521560668945 601 173 24 32
