person 0.967502772808075 584 178 32 81
person 0.8134163618087769 517 174 16 38
person 0.40316617488861084 384 176 13 14
bicycle 0.5236305594444275 587 218 25 60
car 0.9964371919631958 361 189 68 60
car 0.9953110814094543 685 183 116 99
car 0.9946630001068115 760 175 299 189
car 0.9913724660873413 296 199 92 81
car 0.8047559857368469 7 175 302 176
car 0.7971874475479126 642 181 36 44
car 0.7795150279998779 662 183 53 71
car 0.7568459510803223 567 170 31 36
car 0.7531425952911377 622 176 46 37
car 0.4747486412525177 424 181 54 37
car 0.4151935279369354 657 182 45 64
truck 0.48134902119636536 415 153 100 60
