person 0.965799868106842 790 154 94 170
person 0.8614649772644043 1195 154 47 156
person 0.4331650137901306 253 170 13 30
bicycle 0.9665676951408386 942 181 86 46
bicycle 0.9490178823471069 784 243 108 131
bicycle 0.6335176229476929 581 178 43 34
bicycle 0.5319396257400513 595 182 29 31
car 0.9401131272315979 296 154 143 110
traffic_light 0.7461274862289429 90 -1 51 106
traffic_light 0.6664444208145142 0 62 47 44
traffic_light 0.6261706948280334 112 109 23 34
traffic_light 0.4807312786579132 1024 79 39 49
handbag 0.5678362250328064 860 204 37 58
