person 0.9274682998657227 796 157 94 166
person 0.5782090425491333 1197 172 45 140
bicycle 0.9621288180351257 963 180 89 49
bicycle 0.9412723183631897 783 240 113 135
bicycle 0.637630045413971 593 178 42 34
car 0.9697156548500061 295 153 143 109
traffic_light 0.7564831376075745 110 107 29 35
traffic_light 0.655647873878479 0 57 28 48
traffic_light 0.5472646951675415 1021 93 24 33
traffic_light 0.5469907522201538 81 0 51 103
traffic_light 0.4914199113845825 82 -1 47 67
traffic_light 0.47537094354629517 1056 80 32 44
handbag 0.4853808581829071 854 192 49 77
