person 0.9695839285850525 810 163 99 193
bicycle 0.9848276972770691 800 243 120 132
bicycle 0.9758744835853577 1045 190 109 56
bicycle 0.7444128394126892 874 181 75 57
bicycle 0.5764857530593872 627 184 44 39
car 0.9192890524864197 289 160 137 105
car 0.5250697135925293 418 169 42 39
traffic_light 0.8614175915718079 3 0 77 96
traffic_light 0.7946397066116333 58 108 28 42
traffic_light 0.6513087153434753 1125 92 27 35
traffic_light 0.6011070013046265 114 109 25 36
traffic_light 0.5319695472717285 1169 90 34 33
