person 0.9804850816726685 0.6490020751953125 0.4498482644557953 0.7331145405769348 0.9506733417510986
bicycle 0.994260847568512 0.8590460419654846 0.5177313089370728 0.9525031447410583 0.6728805303573608
bicycle 0.9874377846717834 0.6417127847671509 0.657671332359314 0.7422932982444763 1.0058486461639404
bicycle 0.9181727766990662 0.7075565457344055 0.49319547414779663 0.7795595526695251 0.6483550667762756
bicycle 0.7134708166122437 0.5175937414169312 0.5117380619049072 0.5511924028396606 0.5998921394348145
car 0.8758140206336975 0.23201832175254822 0.4273824095726013 0.3417147099971771 0.7089312076568604
car 0.5980754494667053 0.3381648063659668 0.45012810826301575 0.37904947996139526 0.5631747841835022
traffic_light 0.7766277194023132 0.9312759637832642 0.24524691700935364 0.9542306065559387 0.34247615933418274
traffic_light 0.7611134648323059 0.0862974226474762 0.28540754318237305 0.11322315037250519 0.3882864713668823
traffic_light 0.747602641582489 -0.0009678415954113007 0.002536557614803314 0.04961612820625305 0.2401876449584961
traffic_light 0.7370004057884216 0.04533719643950462 0.2832055389881134 0.06659480184316635 0.39134740829467773
traffic_light 0.5018519163131714 0.9674453139305115 0.23453786969184875 0.9947177171707153 0.33705243468284607
