person 0.9042928814888 0.6503663063049316 0.4921504557132721 0.6816882491111755 0.7371564507484436
bicycle 0.6332648992538452 0.6552700996398926 0.5975852012634277 0.6783887147903442 0.7578817009925842
car 0.9955567121505737 0.6873500943183899 0.5001204013824463 0.7662575244903564 0.6496139168739319
car 0.9635447263717651 0.4713400602340698 0.47963446378707886 0.5130858421325684 0.5891818404197693
car 0.9529450535774231 0.6260920166969299 0.48813432455062866 0.6562467217445374 0.5808191895484924
car 0.9489113688468933 0.5603746771812439 0.45844441652297974 0.5997832417488098 0.577864944934845
car 0.9171600341796875 0.13876546919345856 0.5356682538986206 0.2147955447435379 0.7031024098396301
car 0.7055832743644714 0.6003510355949402 0.4914063513278961 0.6250121593475342 0.5570252537727356
car 0.5236086845397949 0.5479543209075928 0.46490949392318726 0.562277615070343 0.5044558048248291
car 0.40942612290382385 0.6687494516372681 0.5009620785713196 0.6963286399841309 0.5913527011871338
truck 0.7876734733581543 0.8352910876274109 0.28859928250312805 0.999306857585907 1.0007272958755493
