person 0.6503936648368835 0.5414225459098816 0.4819236695766449 0.5728903412818909 0.7109513878822327
bicycle 0.6937963366508484 0.5508720874786377 0.5971823930740356 0.5740697383880615 0.741470456123352
car 0.9971850514411926 0.6018043756484985 0.512567400932312 0.6968972682952881 0.7113234400749207
car 0.9838452339172363 0.4769914746284485 0.49248653650283813 0.5071386694908142 0.5760790705680847
car 0.9806599617004395 0.501252293586731 0.48722362518310547 0.5450178384780884 0.610619306564331
car 0.892533540725708 0.3037303388118744 0.48051363229751587 0.3612194359302521 0.6148448586463928
car 0.862481415271759 0.41776585578918457 0.45928606390953064 0.4508592188358307 0.5697124600410461
car 0.8391845226287842 0.45829471945762634 0.48652204871177673 0.4750877022743225 0.5576719045639038
car 0.5308578014373779 0.541104257106781 0.5041558146476746 0.578163206577301 0.6699751615524292
car 0.474748432636261 0.46746692061424255 0.49020814895629883 0.48849695920944214 0.5715781450271606
car 0.41177496314048767 0.45020636916160583 0.47510814666748047 0.4653075337409973 0.5364880561828613
car 0.40136200189590454 0.36170053482055664 0.4635438919067383 0.37831732630729675 0.5206867456436157
