person 0.8671244382858276 0.5135953426361084 0.4880672097206116 0.5421936511993408 0.6866732239723206
bicycle 0.6074665188789368 0.5195168256759644 0.594877302646637 0.5444828271865845 0.732659637928009
bicycle 0.5787793397903442 0.9568180441856384 0.61310875415802 1.0008611679077148 0.8473342657089233
car 0.9972573518753052 0.5918150544166565 0.5047270655632019 0.6864488124847412 0.728081464767456
car 0.9829909801483154 0.26424911618232727 0.48535671830177307 0.33522820472717285 0.6466172337532043
car 0.9611195921897888 0.4525814652442932 0.4887935519218445 0.4821622669696808 0.5772064328193665
car 0.9590464234352112 0.5349381566047668 0.5043779611587524 0.5930362939834595 0.6656903624534607
car 0.9446115493774414 0.48193085193634033 0.48362770676612854 0.527390718460083 0.6077855825424194
car 0.8870429992675781 0.392100989818573 0.4593100845813751 0.4234623610973358 0.5643763542175293
car 0.7447488903999329 0.4338911473751068 0.4852235019207001 0.4520121216773987 0.5535288453102112
car 0.6392530798912048 0.4441777765750885 0.48960718512535095 0.4656543433666229 0.5717933177947998
car 0.5275946855545044 0.47712236642837524 0.4868083596229553 0.5085180997848511 0.6018902659416199
car 0.517852783203125 0.30274078249931335 0.4692826569080353 0.34341275691986084 0.6152901649475098
car 0.45271578431129456 0.42368870973587036 0.478890061378479 0.4399668276309967 0.5365046262741089
