person 0.8088493347167969 0.48245683312416077 0.48618632555007935 0.5131072998046875 0.713748574256897
person 0.6015552878379822 0.3329264223575592 0.4638325572013855 0.3429325819015503 0.5180756449699402
car 0.9961355924606323 0.5765641331672668 0.4975528120994568 0.680759847164154 0.7420327067375183
car 0.9897838234901428 0.5088303685188293 0.4994356632232666 0.5818071365356445 0.6706568002700806
car 0.939087986946106 0.22428518533706665 0.4966260492801666 0.29745590686798096 0.6689677238464355
car 0.9328076243400574 0.43794262409210205 0.486352801322937 0.4647645652294159 0.5874632596969604
car 0.9148902893066406 0.3675212264060974 0.4615389108657837 0.3993546962738037 0.5634527206420898
car 0.8433448076248169 0.4164154529571533 0.4856635332107544 0.43303972482681274 0.5608389377593994
car 0.8091842532157898 0.39974960684776306 0.4757631719112396 0.4233882427215576 0.5434980392456055
car 0.7910193800926208 0.4620171785354614 0.47827503085136414 0.49914461374282837 0.608251690864563
car 0.5907655954360962 0.4213279187679291 0.48915061354637146 0.44688937067985535 0.5723820924758911
car 0.4968855381011963 0.26956456899642944 0.4710351228713989 0.31645944714546204 0.6207032203674316
