person 0.9512138962745667 0.41974014043807983 0.49168074131011963 0.4475085139274597 0.7339938879013062
person 0.5053267478942871 0.3041955530643463 0.4905424416065216 0.3180486559867859 0.5521525740623474
bicycle 0.6724029183387756 0.426344633102417 0.6019310355186462 0.45076048374176025 0.7419167757034302
car 0.9978421926498413 0.594170093536377 0.4979696571826935 0.7163661122322083 0.8349117040634155
car 0.9977814555168152 0.1292702704668045 0.5477161407470703 0.2402089685201645 0.7672512531280518
car 0.9955621957778931 0.4846847355365753 0.5127416253089905 0.5928148031234741 0.736262321472168
car 0.9832174181938171 0.4435003697872162 0.49265602231025696 0.495638370513916 0.6510850787162781
car 0.9426488280296326 0.20828625559806824 0.5113571286201477 0.26908159255981445 0.6742658019065857
car 0.8698074221611023 0.39023253321647644 0.5036368370056152 0.4092182517051697 0.5903303623199463
car 0.8404275178909302 0.33839502930641174 0.4798234701156616 0.36686187982559204 0.5854953527450562
car 0.7758983373641968 0.36556699872016907 0.49427127838134766 0.3794146776199341 0.5525223016738892
car 0.7572295665740967 0.4059712290763855 0.5069724917411804 0.42424315214157104 0.6055845618247986
car 0.7299562692642212 0.37782081961631775 0.49678274989128113 0.3950493335723877 0.5640898942947388
car 0.49818944931030273 0.24667894840240479 0.5102028846740723 0.27607113122940063 0.6262504458427429
