person 0.9138690233230591 0.41401660442352295 0.4879472553730011 0.44514432549476624 0.7044466137886047
person 0.42737022042274475 0.3074116110801697 0.4780736267566681 0.32151442766189575 0.5397669672966003
bicycle 0.6091755628585815 0.42034104466438293 0.601315975189209 0.4432904124259949 0.744402289390564
car 0.9960213899612427 0.49201497435569763 0.49702662229537964 0.6091558933258057 0.7548802495002747
car 0.9946634769439697 0.10379177331924438 0.531022310256958 0.23039451241493225 0.7877876162528992
car 0.9931232333183289 0.6191417574882507 0.4924139380455017 0.771889865398407 0.8670186996459961
car 0.9795634150505066 0.19554337859153748 0.49624910950660706 0.2602705955505371 0.6884438395500183
car 0.9719279408454895 0.43561214208602905 0.4797532558441162 0.5062794089317322 0.6478093862533569
car 0.9680746793746948 0.2443060278892517 0.5025327801704407 0.2762947678565979 0.6328014135360718
car 0.896962583065033 0.3417378067970276 0.46791261434555054 0.3718043565750122 0.5716002583503723
car 0.8834885358810425 0.39635947346687317 0.4901353418827057 0.42015573382377625 0.5886472463607788
car 0.7844305634498596 0.38098210096359253 0.48431429266929626 0.40063709020614624 0.5486491322517395
car 0.6986096501350403 0.39306536316871643 0.4912217855453491 0.4095446765422821 0.5785969495773315
car 0.6296161413192749 0.3699236810207367 0.477148175239563 0.3846977949142456 0.538235068321228
