person 0.9500351548194885 0.41593658924102783 0.47498008608818054 0.4451875686645508 0.6713094115257263
person 0.8817073106765747 0.5825324654579163 0.43128684163093567 0.6061300039291382 0.49526819586753845
person 0.5744059085845947 0.33822524547576904 0.46149560809135437 0.3486498296260834 0.5282536745071411
person 0.45527398586273193 0.3329673111438751 0.46498024463653564 0.3474022448062897 0.5268083214759827
bicycle 0.7950183749198914 0.4231395125389099 0.5697612762451172 0.444759339094162 0.7186926603317261
car 0.9969493746757507 0.5283238291740417 0.48446863889694214 0.6889472007751465 0.817520260810852
car 0.995573878288269 0.057508647441864014 0.5269328355789185 0.22389575839042664 0.8216037750244141
car 0.9931113719940186 0.25837767124176025 0.4974752366542816 0.2910618782043457 0.6323844790458679
car 0.988483190536499 0.4696619510650635 0.4634884297847748 0.5408250093460083 0.6659313440322876
car 0.9833136200904846 0.7291511297225952 0.4692595601081848 0.9984835386276245 0.9959930777549744
car 0.9826915264129639 0.19064182043075562 0.48117685317993164 0.2660573422908783 0.7051509618759155
car 0.9313596487045288 0.44124460220336914 0.4755970239639282 0.47764381766319275 0.6166255474090576
car 0.6813334226608276 0.3637538552284241 0.44848424196243286 0.3939104676246643 0.5474887490272522
car 0.5422306060791016 0.4011273682117462 0.4609183669090271 0.42855751514434814 0.5348713397979736
car 0.4062248766422272 0.3962101340293884 0.4648357033729553 0.4107835292816162 0.5195766687393188
