person 0.8784505128860474 0.5978670120239258 0.4348910450935364 0.6200903654098511 0.5020391941070557
person 0.8541409373283386 0.4193325638771057 0.46976330876350403 0.4466048777103424 0.6645803451538086
person 0.7163642644882202 0.34383758902549744 0.4606829583644867 0.35668617486953735 0.5330997705459595
bicycle 0.8309391140937805 0.42609280347824097 0.5707685947418213 0.4479568898677826 0.7184614539146423
car 0.9942300915718079 0.4745686650276184 0.46431252360343933 0.5582447648048401 0.6742849349975586
car 0.9936362504959106 0.5383668541908264 0.492502361536026 0.719964861869812 0.8460626602172852
car 0.9912945032119751 0.04033839702606201 0.5303783416748047 0.22445735335350037 0.8511515855789185
car 0.9895805716514587 0.2620695233345032 0.49968042969703674 0.2948923110961914 0.6324552893638611
car 0.9841997027397156 0.7828896045684814 0.4854908883571625 0.9947988986968994 1.0015944242477417
car 0.9791133999824524 0.19041165709495544 0.4822559952735901 0.27031880617141724 0.7078172564506531
car 0.8622798323631287 0.4468270540237427 0.47834110260009766 0.480475515127182 0.6179244518280029
car 0.7626622319221497 0.2883307635784149 0.48150065541267395 0.3192034065723419 0.5583908557891846
car 0.7281364798545837 0.3726351261138916 0.4509446918964386 0.40030255913734436 0.544499933719635
car 0.6826704144477844 0.40570661425590515 0.46642762422561646 0.4203167259693146 0.5255365371704102
car 0.40271908044815063 0.2562798261642456 0.5137190222740173 0.28855612874031067 0.6480836868286133
