person 0.8643983602523804 0.42358267307281494 0.47028201818466187 0.45164158940315247 0.7049910426139832
person 0.7902952432632446 0.6150402426719666 0.43696120381355286 0.6368023753166199 0.5051931738853455
person 0.6563962697982788 0.35193973779678345 0.46870705485343933 0.36442455649375916 0.5381879210472107
bicycle 0.8468445539474487 0.4288836717605591 0.5702350735664368 0.45071202516555786 0.7242914438247681
car 0.9963679909706116 0.027350671589374542 0.537304162979126 0.22115355730056763 0.8658203482627869
car 0.995766818523407 0.5531349182128906 0.49096834659576416 0.7534578442573547 0.8920484781265259
car 0.9894143342971802 0.2677556872367859 0.5023704767227173 0.3022138178348541 0.6405494213104248
car 0.9842836856842041 0.4860459566116333 0.468845397233963 0.5705188512802124 0.6824690103530884
car 0.9820889830589294 0.8167811632156372 0.4733569920063019 0.9996766448020935 0.984189510345459
car 0.9633350372314453 0.18613456189632416 0.4844014048576355 0.2724546492099762 0.7178415656089783
car 0.8428119421005249 0.46216294169425964 0.4786830544471741 0.49631237983703613 0.6345295310020447
car 0.7916024327278137 0.26110780239105225 0.5105369687080383 0.29396435618400574 0.6524084806442261
car 0.7615750432014465 0.4494140148162842 0.4829416275024414 0.4733660817146301 0.6065057516098022
car 0.4249165654182434 0.3649635910987854 0.4649217128753662 0.38123905658721924 0.4874385595321655
