person 0.9374731779098511 0.43078914284706116 0.4751608967781067 0.45853593945503235 0.6917337775230408
person 0.8914958834648132 0.6505115032196045 0.4382290244102478 0.6770263314247131 0.5209981203079224
person 0.8565239906311035 0.36675384640693665 0.46774712204933167 0.37944546341896057 0.5468207001686096
bicycle 0.496580570936203 0.43450459837913513 0.5698639750480652 0.45650726556777954 0.7303943037986755
car 0.9965710043907166 -0.00029659271240234375 0.5486894845962524 0.21477724611759186 0.9061725735664368
car 0.9950952529907227 0.5010227560997009 0.47241586446762085 0.5975302457809448 0.7094889879226685
car 0.9946725964546204 0.5791893005371094 0.5049921870231628 0.8407437801361084 0.9920994639396667
car 0.9836000800132751 0.18173986673355103 0.4919976592063904 0.27356091141700745 0.7442425489425659
car 0.9767293334007263 0.2763749063014984 0.5009796023368835 0.3148900270462036 0.6215893030166626
car 0.9762387275695801 0.26796990633010864 0.5255078673362732 0.2994537651538849 0.6691151857376099
car 0.9492927193641663 0.4684530794620514 0.48564329743385315 0.5151000618934631 0.6430048942565918
car 0.8200563192367554 0.3027954697608948 0.4885340929031372 0.3396591246128082 0.5687376260757446
car 0.7682879567146301 0.9409353137016296 0.5432267785072327 1.0000128746032715 1.0098705291748047
car 0.4875508248806 0.39599236845970154 0.4580777883529663 0.4250158667564392 0.5517383813858032
car 0.45010605454444885 0.45996612310409546 0.484991192817688 0.4932915270328522 0.6322693824768066
car 0.41093409061431885 0.45502209663391113 0.48010748624801636 0.4836406111717224 0.6058376431465149
