person 0.9709426760673523 0.4366915822029114 0.4785574674606323 0.46306172013282776 0.7063977718353271
person 0.7446200847625732 0.37001296877861023 0.4680477976799011 0.3856770098209381 0.5443731546401978
person 0.7279263138771057 0.6718558669090271 0.4377632141113281 0.698623776435852 0.5310960412025452
bicycle 0.4822714924812317 0.44114455580711365 0.5748239755630493 0.45989102125167847 0.7286019325256348
car 0.9969522953033447 0.5122323036193848 0.4699549376964569 0.6151359677314758 0.7232869863510132
car 0.9937413334846497 0.5960714817047119 0.5115656852722168 0.9042787551879883 1.0026416778564453
car 0.987320601940155 0.2707579731941223 0.5244698524475098 0.3032899796962738 0.6679592728614807
car 0.9867354035377502 -0.0008928924798965454 0.5540497303009033 0.20846620202064514 0.9487981796264648
car 0.9850188493728638 0.2820815443992615 0.5002031326293945 0.322629451751709 0.6257959008216858
car 0.9667381644248962 0.1802159696817398 0.4883032441139221 0.27623024582862854 0.7599606513977051
car 0.9167912602424622 0.30853742361068726 0.48825547099113464 0.34824490547180176 0.5690041184425354
car 0.9087863564491272 0.48321831226348877 0.48630568385124207 0.5250314474105835 0.653153657913208
car 0.814806342124939 0.46333998441696167 0.4788321256637573 0.4956408441066742 0.6090124845504761
car 0.5876736044883728 0.40276333689689636 0.4553486108779907 0.4301930367946625 0.5541293621063232
