person 0.938839316368103 0.8004688024520874 0.42147350311279297 0.8420300483703613 0.7444535493850708
person 0.9108130931854248 0.45719683170318604 0.46404439210891724 0.485576868057251 0.6838026642799377
person 0.42135336995124817 0.39773863554000854 0.4525652825832367 0.412478506565094 0.53285813331604
bicycle 0.4941343367099762 0.45907920598983765 0.5658568143844604 0.4808303713798523 0.7120474576950073
car 0.998652458190918 0.5632636547088623 0.45409560203552246 0.7132195830345154 0.7940495014190674
car 0.9934512376785278 -0.0010701343417167664 0.5502938032150269 0.1516939401626587 0.9963407516479492
car 0.9924614429473877 0.12356864660978317 0.47350817918777466 0.27467623353004456 0.8052238821983337
car 0.9914365410804749 0.26658129692077637 0.5082071423530579 0.31797435879707336 0.6836896538734436
car 0.9899082779884338 0.2952977120876312 0.4834183156490326 0.3421342670917511 0.6181482076644897
car 0.9146052002906799 0.33192726969718933 0.46769165992736816 0.37365806102752686 0.5556539297103882
car 0.903285801410675 0.5228156447410583 0.4743049144744873 0.5895245671272278 0.6913397312164307
car 0.8870590329170227 0.5005528926849365 0.4684920310974121 0.5335270166397095 0.6183524131774902
car 0.8854659795761108 0.7322818040847778 0.5272691249847412 0.9999828338623047 0.9988617897033691
car 0.8039748072624207 0.43824028968811035 0.44010448455810547 0.4647645652294159 0.5337850451469421
car 0.7152186036109924 0.49031171202659607 0.4636754095554352 0.519881010055542 0.5683919191360474
car 0.49900487065315247 0.47977215051651 0.45328155159950256 0.511196494102478 0.5374000072479248
car 0.47816723585128784 0.5154369473457336 0.4703982472419739 0.5609627962112427 0.6603631377220154
