person 0.967502772808075 0.4707745909690857 0.4779903292655945 0.49672022461891174 0.6940516233444214
person 0.8134163618087769 0.4168427288532257 0.46782276034355164 0.42959854006767273 0.5676062107086182
person 0.40316617488861084 0.30959177017211914 0.4713532030582428 0.3198845386505127 0.5092286467552185
bicycle 0.5236305594444275 0.4729229211807251 0.5841058492660522 0.4931996464729309 0.7438968420028687
car 0.9964371919631958 0.290892094373703 0.5055972337722778 0.3458157181739807 0.6683556437492371
car 0.9953110814094543 0.5521951913833618 0.4907127022743225 0.6449975967407227 0.7559955716133118
car 0.9946630001068115 0.6122605800628662 0.4702486991882324 0.8529399633407593 0.9739344120025635
car 0.9913724660873413 0.23876714706420898 0.5337066650390625 0.31290167570114136 0.749241828918457
car 0.8047559857368469 0.00636802613735199 0.4689887762069702 0.24926938116550446 0.9388478994369507
car 0.7971874475479126 0.5174559354782104 0.4861261546611786 0.5461063385009766 0.6038088202476501
car 0.7795150279998779 0.5337972640991211 0.4909387230873108 0.576464056968689 0.6797536611557007
car 0.7568459510803223 0.4570697247982025 0.4572153091430664 0.4821820557117462 0.5509927272796631
car 0.7531425952911377 0.5011692643165588 0.470611572265625 0.5385339260101318 0.5699079036712646
car 0.4747486412525177 0.34201720356941223 0.48648229241371155 0.3856004774570465 0.58442223072052
car 0.4151935279369354 0.5294786095619202 0.4888845682144165 0.5654447078704834 0.6586737632751465
truck 0.48134902119636536 0.3348928689956665 0.4107772707939148 0.4152159094810486 0.5698051452636719
