person 0.9420602917671204 0.4779554605484009 0.4629576802253723 0.5281827449798584 0.8334254026412964
person 0.41695889830589294 0.3401728868484497 0.5239050984382629 0.3566175103187561 0.5962545275688171
bicycle 0.9789116382598877 0.6474563479423523 0.6061660647392273 0.7526949644088745 0.919348955154419
bicycle 0.8844821453094482 0.5841485261917114 0.5904003381729126 0.6372187733650208 0.837806224822998
bicycle 0.7536013722419739 0.47844746708869934 0.6510937213897705 0.5281281471252441 0.8992223143577576
bicycle 0.49029216170310974 0.17199309170246124 0.5453136563301086 0.2100212723016739 0.6313209533691406
car 0.6691770553588867 0.39099374413490295 0.45458629727363586 0.47602900862693787 0.6625237464904785
car 0.4921252727508545 0.28291985392570496 0.5271226763725281 0.3075236678123474 0.5870494246482849
truck 0.6309690475463867 0.5822524428367615 0.4489668905735016 0.6638302206993103 0.5883513689041138
truck 0.6279421448707581 0.3906111419200897 0.4422297179698944 0.47755303978919983 0.6574829816818237
