person 0.9369203448295593 0.7984875440597534 0.4533490538597107 0.8456374406814575 0.7904022932052612
person 0.7052050232887268 0.6686246991157532 0.45792022347450256 0.6874631643295288 0.6310504674911499
bicycle 0.7494904398918152 0.2182663083076477 0.5556690096855164 0.24951280653476715 0.6374603509902954
bicycle 0.7199408411979675 0.47083815932273865 0.5268675088882446 0.5219537019729614 0.6457901000976562
bicycle 0.578561007976532 0.09547701478004456 0.5598500967025757 0.14170753955841064 0.7165268659591675
bicycle 0.4699365198612213 0.12818612158298492 0.5658017992973328 0.17409104108810425 0.7120367884635925
bicycle 0.4361208975315094 0.15407654643058777 0.5600382089614868 0.18028445541858673 0.6883131861686707
car 0.9418403506278992 0.8859977126121521 0.43335896730422974 0.9645476937294006 0.6405282020568848
car 0.9007983207702637 0.9374978542327881 0.4299248456954956 0.999907374382019 0.7419867515563965
motorbike 0.45601847767829895 0.4158448576927185 0.5311036705970764 0.44896504282951355 0.6529520153999329
umbrella 0.49761998653411865 0.6409910321235657 0.371986985206604 0.7040725350379944 0.43015819787979126
