person 0.9676285982131958 0.6507946848869324 0.4381238520145416 0.7323566675186157 0.9148308038711548
bicycle 0.985619068145752 0.8244630694389343 0.49803563952445984 0.9087449908256531 0.6460597515106201
bicycle 0.9822965860366821 0.6453384757041931 0.6533738374710083 0.7365754246711731 1.0042073726654053
bicycle 0.7596787214279175 0.5022790431976318 0.4978974759578705 0.5340301990509033 0.5870969295501709
bicycle 0.4261752963066101 0.7167295813560486 0.5125184059143066 0.7501005530357361 0.6250198483467102
car 0.9667320251464844 0.23445618152618408 0.4277016520500183 0.3461835980415344 0.7092946767807007
traffic_light 0.8064628839492798 0.04731803387403488 0.29378750920295715 0.06667086482048035 0.4041174054145813
traffic_light 0.7800037860870361 0.017103832215070724 -0.007361561059951782 0.07828952372074127 0.27863559126853943
traffic_light 0.7747965455055237 0.09012481570243835 0.29239994287490845 0.11382324993610382 0.38788124918937683
traffic_light 0.7109116315841675 0.917411208152771 0.24254871904850006 0.9471287131309509 0.3269714117050171
traffic_light 0.4933849275112152 0.8834316730499268 0.24953794479370117 0.9034130573272705 0.33516061305999756
