person 0.9601892828941345 0.7872907519340515 0.47495800256729126 0.8339998126029968 0.7798584699630737
person 0.7723249197006226 0.6120752692222595 0.4759582281112671 0.6327446699142456 0.6657594442367554
bicycle 0.9150846004486084 0.3953058421611786 0.5432124137878418 0.4557817578315735 0.6864759922027588
bicycle 0.673067569732666 0.7933979630470276 0.6448607444763184 0.8223823308944702 0.8485962748527527
bicycle 0.6611502766609192 -0.0001917583867907524 0.5861384868621826 0.020055420696735382 0.7587460875511169
bicycle 0.6486063003540039 0.09020684659481049 0.583846390247345 0.1318579465150833 0.6726992130279541
car 0.89818274974823 0.8875052332878113 0.45420557260513306 0.9313735365867615 0.6449230909347534
car 0.8916939496994019 0.9070262312889099 0.4433918595314026 0.9998995065689087 0.791873574256897
motorbike 0.6697636842727661 0.32979846000671387 0.5435473322868347 0.371654212474823 0.7008551359176636
umbrella 0.45041704177856445 0.5836697816848755 0.37753531336784363 0.6499025225639343 0.4420172870159149
