person 0.9543365836143494 0.7406179308891296 0.4802372455596924 0.7778981924057007 0.7707080841064453
person 0.7371228933334351 0.5044900178909302 0.4777762293815613 0.5254237651824951 0.6965969800949097
bicycle 0.9546038508415222 0.20391885936260223 0.5688645839691162 0.2939639389514923 0.7742927074432373
bicycle 0.7374786138534546 0.7424240708351135 0.6281252503395081 0.7651919722557068 0.8099561929702759
bicycle 0.642889142036438 0.29414212703704834 0.5097676515579224 0.31940439343452454 0.6300095319747925
car 0.9251237511634827 0.7780358791351318 0.48975998163223267 0.8138725161552429 0.5833166241645813
car 0.8901625275611877 0.8351826071739197 0.45436030626296997 0.8629563450813293 0.6253986358642578
car 0.7344492673873901 0.7984820604324341 0.48951783776283264 0.8247371912002563 0.5754246711730957
car 0.4650523066520691 0.8548482656478882 0.3616693615913391 0.9996195435523987 0.921255886554718
motorbike 0.8573039770126343 0.08749543130397797 0.5649877190589905 0.18267948925495148 0.7897477149963379
truck 0.7106940150260925 0.8541293144226074 0.4030352234840393 1.00014066696167 0.8316690921783447
