person 0.9657296538352966 0.7345108985900879 0.47560083866119385 0.7721036076545715 0.752813458442688
person 0.5807589292526245 0.48729944229125977 0.47891804575920105 0.5102707743644714 0.7061619758605957
bicycle 0.9625086188316345 0.17220747470855713 0.5873010754585266 0.26579922437667847 0.7931908369064331
bicycle 0.6767635345458984 0.2733490467071533 0.5382181406021118 0.3020346164703369 0.635611891746521
bicycle 0.666839063167572 0.737813413143158 0.6108554601669312 0.7621976733207703 0.789458692073822
car 0.9510458707809448 0.7646237015724182 0.4897489547729492 0.801896333694458 0.5805352926254272
car 0.8182069659233093 0.8234500288963318 0.45483633875846863 0.8570403456687927 0.6188101768493652
motorbike 0.8359053134918213 0.03603048995137215 0.5820372700691223 0.1437375396490097 0.8236240148544312
truck 0.7520964741706848 0.8460407853126526 0.4052649438381195 1.0008522272109985 0.8919723033905029
traffic_light 0.47010573744773865 0.8814973831176758 0.3806960880756378 0.8926596641540527 0.42769917845726013
traffic_light 0.4473976790904999 0.9666787385940552 0.38248664140701294 0.9769095182418823 0.41442543268203735
