person 0.9230648279190063 0.7130606174468994 0.4930557310581207 0.7536343336105347 0.786993145942688
person 0.6460535526275635 0.4405854344367981 0.47338759899139404 0.46494537591934204 0.7247081995010376
person 0.617923378944397 0.15884634852409363 0.4789387583732605 0.1735534518957138 0.5653443932533264
bicycle 0.8821812272071838 0.202720507979393 0.5295451879501343 0.23268672823905945 0.6481576561927795
bicycle 0.8668306469917297 0.03784285485744476 0.5939391255378723 0.16678486764431 0.8545533418655396
bicycle 0.4732480049133301 0.7163885235786438 0.6115818619728088 0.7495454549789429 0.7914106249809265
car 0.868429958820343 0.12477737665176392 0.5062477588653564 0.16495302319526672 0.5645368099212646
car 0.83247971534729 0.7911155223846436 0.4613020122051239 0.8309913873672485 0.6108742952346802
car 0.6667112112045288 0.8267910480499268 0.36813056468963623 0.9988936185836792 0.9640668630599976
car 0.6566588282585144 0.7260028719902039 0.483248770236969 0.7603811621665955 0.5771446824073792
car 0.41295742988586426 0.7580209970474243 0.47852596640586853 0.7780765891075134 0.5322510600090027
truck 0.7701138854026794 0.8224483728408813 0.38398802280426025 1.0012640953063965 0.9393185377120972
