person 0.9590398073196411 0.7062274217605591 0.4946107864379883 0.7410617470741272 0.7284038066864014
person 0.6371541619300842 0.4039027988910675 0.4687594473361969 0.430020809173584 0.7285178899765015
bicycle 0.9267264604568481 -0.0006641335785388947 0.6225045919418335 0.07741959393024445 0.9175030589103699
bicycle 0.8272591829299927 0.15036654472351074 0.5417755842208862 0.17589959502220154 0.6472516059875488
bicycle 0.5507065653800964 0.7058817148208618 0.6109639406204224 0.7322532534599304 0.7807536721229553
car 0.9443261027336121 0.0730428546667099 0.49552497267723083 0.12402436882257462 0.5607960820198059
car 0.9175324440002441 0.6890081167221069 0.49063733220100403 0.7204384803771973 0.5767948627471924
car 0.8567555546760559 0.7695080637931824 0.4620691239833832 0.8169609308242798 0.6085538864135742
car 0.7139585018157959 0.8208832144737244 0.3711933493614197 0.9968935251235962 1.0077917575836182
car 0.5427988767623901 0.7340091466903687 0.47382262349128723 0.7492263317108154 0.51971036195755
car 0.4216797351837158 0.7466067671775818 0.4719843566417694 0.7574791312217712 0.5124990940093994
truck 0.7835501432418823 0.8146482110023499 0.3806167542934418 1.001558780670166 0.9631568193435669
umbrella 0.40829363465309143 0.35926520824432373 0.32677438855171204 0.4542509615421295 0.4187685251235962
