person 0.9748795032501221 0.6985311508178711 0.49029403924942017 0.731051504611969 0.7463092803955078
person 0.75191730260849 0.36346402764320374 0.4678756892681122 0.3910043239593506 0.7559477090835571
person 0.5184239149093628 0.07681980729103088 0.4647537171840668 0.0974239856004715 0.5746655464172363
car 0.9668639898300171 0.6607195734977722 0.49400174617767334 0.6973801255226135 0.5865713357925415
car 0.9500375390052795 0.014546001330018044 0.48743167519569397 0.07514399290084839 0.5557325482368469
car 0.7471952438354492 -0.0007312148809432983 0.47851699590682983 0.019361604005098343 0.5518122911453247
car 0.6887220740318298 0.7470661997795105 0.4697684943675995 0.7902826070785522 0.6135718822479248
car 0.6605688333511353 0.788725733757019 0.5025115013122559 0.8062095046043396 0.571330726146698
car 0.4386105239391327 0.7121078372001648 0.4860166907310486 0.7246338725090027 0.5219352841377258
truck 0.9102268218994141 0.8018189668655396 0.383586049079895 1.0015201568603516 0.9613008499145508
umbrella 0.4633011817932129 0.31437015533447266 0.3104848265647888 0.41729605197906494 0.4108401834964752
