track 19744000
traffic_light 0.7674016952514648 0.043478260869565216 -0.013368983957219251 0.08695652173913043 0.2647058823529412
person 0.6908266544342041 0.6384863123993558 0.45454545454545453 0.7238325281803543 0.9224598930481284
bicycle 0.4129120409488678 0.714170692431562 0.5588235294117647 0.7415458937198067 0.6336898395721925
car 0.9608669281005859 0.2359098228663446 0.4197860962566845 0.34782608695652173 0.7058823529411765
traffic_light 0.7682749629020691 0.09017713365539452 0.28609625668449196 0.11030595813204509 0.38235294117647056
traffic_light 0.7645462155342102 0.04830917874396135 0.2914438502673797 0.06602254428341385 0.38235294117647056
traffic_light 0.5237261056900024 0.9363929146537843 0.23529411764705882 0.961352657004831 0.3235294117647059
handbag 0.577008843421936 0.7053140096618358 0.5588235294117647 0.7375201288244766 0.7219251336898396
bicycle 0.9879555702209473 0.8293075684380032 0.516042780748663 0.9114331723027376 0.6524064171122995
bicycle 0.9495664238929749 0.644122383252818 0.6764705882352942 0.7294685990338164 1.0267379679144386
bicycle 0.8359062075614929 0.4943639291465378 0.4893048128342246 0.5265700483091788 0.5775401069518716
