track 21294000
person 0.9556882381439209 0.6884057971014492 0.4919786096256685 0.7246376811594203 0.7379679144385026
car 0.9799811244010925 0.6602254428341385 0.4946524064171123 0.6972624798711755 0.5855614973262032
car 0.514114499092102 0.822866344605475 0.3770053475935829 0.998389694041868 1.0053475935828877
truck 0.727390706539154 0.7270531400966184 0.47058823529411764 0.7737520128824477 0.6122994652406417
umbrella 0.4493231773376465 0.29549114331723025 0.3048128342245989 0.392914653784219 0.5374331550802139
person 0.60477215051651 0.33413848631239934 0.4946524064171123 0.35909822866344604 0.7834224598930482
person 0.5571858286857605 0.07246376811594203 0.2887700534759358 0.0893719806763285 0.4037433155080214
bicycle 0.59111487865448 0.6908212560386473 0.6096256684491979 0.71658615136876 0.767379679144385
car 0.944580614566803 0.02576489533011272 0.45454545454545453 0.08132045088566828 0.5267379679144385
car 0.5649838447570801 0.6924315619967794 0.5133689839572193 0.711755233494364 0.553475935828877
truck 0.8612810969352722 0.8115942028985508 0.39037433155080214 1.000805152979066 0.9732620320855615
