detect 112348000
person 0.9539819359779358 0.6827697262479872 0.48663101604278075 0.715780998389694 0.7540106951871658
bicycle 0.5365108251571655 0.679549114331723 0.6096256684491979 0.7085346215780999 0.7727272727272727
car 0.9757904410362244 0.6183574879227053 0.4893048128342246 0.6586151368760065 0.5802139037433155
car 0.9102974534034729 0.7632850241545893 0.49732620320855614 0.7874396135265701 0.5802139037433155
car 0.771917462348938 0.7471819645732689 0.49732620320855614 0.7657004830917874 0.56951871657754
car 0.7324666976928711 0.7085346215780999 0.46524064171123 0.7471819645732689 0.6096256684491979
car 0.5007858872413635 0.6392914653784219 0.48128342245989303 0.6634460547504025 0.5320855614973262
car 0.48998549580574036 0.6602254428341385 0.47058823529411764 0.6739130434782609 0.5187165775401069
truck 0.957369863986969 0.7737520128824477 0.34759358288770054 1 0.9946524064171123
