track 17057000
person 0.9096446633338928 0.6843800322061192 0.4919786096256685 0.715780998389694 0.7379679144385026
person 0.6491100192070007 0.050724637681159424 0.45989304812834225 0.07407407407407407 0.5748663101604278
car 0.9638332724571228 0 0.4839572192513369 0.04830917874396135 0.5561497326203209
car 0.682361364364624 0.7053140096618358 0.4625668449197861 0.748792270531401 0.6016042780748663
truck 0.9028953313827515 0.8107890499194848 0.3716577540106952 1.0080515297906603 0.9705882352941176
truck 0.5803439021110535 0.7053140096618358 0.46524064171123 0.748792270531401 0.6042780748663101
person 0.6632753610610962 0.32367149758454106 0.4411764705882353 0.35185185185185186 0.7486631016042781
bicycle 0.5727555155754089 0.6811594202898551 0.5989304812834224 0.7069243156199678 0.7700534759358288
car 0.9757386445999146 0.6191626409017713 0.4893048128342246 0.6570048309178744 0.5775401069518716
car 0.7763499617576599 0.7439613526570048 0.4919786096256685 0.7665056360708534 0.5668449197860963
car 0.5605385899543762 0.6859903381642513 0.48128342245989303 0.6988727858293076 0.5187165775401069
car 0.4109940528869629 0.6368760064412239 0.47593582887700536 0.6570048309178744 0.5213903743315508
