track 25408000
car 0.48998549580574036 0.6304347826086957 0.46524064171123 0.644122383252818 0.5133689839572193
truck 0.957369863986969 0.789049919484702 0.35561497326203206 1.0152979066022545 1.0026737967914439
bicycle 0.5365108251571655 0.6747181964573269 0.5962566844919787 0.7037037037037037 0.7593582887700535
car 0.9757904410362244 0.5917874396135265 0.4839572192513369 0.6320450885668277 0.5748663101604278
car 0.5007858872413635 0.6111111111111112 0.47593582887700536 0.6352657004830918 0.5267379679144385
car 0.7324666976928711 0.6851851851851852 0.45989304812834225 0.7238325281803543 0.6042780748663101
person 0.9539819359779358 0.6739130434782609 0.47593582887700536 0.7069243156199678 0.7433155080213903
car 0.9102974534034729 0.7471819645732689 0.49732620320855614 0.7713365539452496 0.5802139037433155
car 0.771917462348938 0.7206119162640902 0.4919786096256685 0.7391304347826086 0.5641711229946524
