track 19341000
car 0.4785464406013489 0.6417069243156199 0.4732620320855615 0.6545893719806763 0.5106951871657754
truck 0.9804257750511169 0.7946859903381642 0.35561497326203206 1.0225442834138487 1.032085561497326
car 0.9402854442596436 0.5652173913043478 0.4839572192513369 0.6038647342995169 0.5775401069518716
car 0.884190559387207 0.6940418679549114 0.4919786096256685 0.7133655394524959 0.56951871657754
car 0.8038800954818726 -0.0322061191626409 0.19518716577540107 0.005636070853462158 0.2807486631016043
car 0.9712060689926147 0.7568438003220612 0.5294117647058824 0.785024154589372 0.6283422459893048
car 0.9220849275588989 0.7375201288244766 0.5080213903743316 0.7697262479871175 0.5935828877005348
car 0.5778347253799438 0.604669887278583 0.4679144385026738 0.6159420289855072 0.5187165775401069
car 0.5020246505737305 0.5925925925925926 0.4732620320855615 0.6078904991948471 0.5320855614973262
pottedplant 0.6668564677238464 0.057971014492753624 0.6631016042780749 0.13768115942028986 0.8155080213903744
person 0.9573416709899902 0.6650563607085346 0.4679144385026738 0.6988727858293076 0.7299465240641712
person 0.7724541425704956 0.16183574879227053 0.6176470588235294 0.20531400966183574 0.8689839572192514
bicycle 0.6809417605400085 0.6698872785829307 0.5962566844919787 0.6964573268921095 0.7540106951871658
