detect 109585000
person 0.9693389534950256 0 0.42245989304812837 0.08454106280193237 0.9973262032085561
person 0.960598349571228 0.6658615136876006 0.48663101604278075 0.6980676328502415 0.7379679144385026
bicycle 0.6077226996421814 0.6642512077294686 0.5935828877005348 0.6876006441223832 0.7620320855614974
car 0.9961435198783875 0.7342995169082126 0.5053475935828877 0.784219001610306 0.6390374331550802
car 0.9883935451507568 0.7053140096618358 0.5026737967914439 0.7463768115942029 0.6096256684491979
car 0.9341546297073364 0.537842190016103 0.4839572192513369 0.5789049919484702 0.5802139037433155
car 0.8772153258323669 0.6892109500805152 0.48663101604278075 0.714170692431562 0.5855614973262032
car 0.7087193727493286 0.6264090177133655 0.46524064171123 0.6666666666666666 0.5935828877005348
car 0.6446978449821472 0.6167471819645732 0.47593582887700536 0.6288244766505636 0.5106951871657754
car 0.5009450912475586 0.6086956521739131 0.47593582887700536 0.6199677938808373 0.5080213903743316
truck 0.9800360798835754 0.7729468599033816 0.33689839572192515 1 1
umbrella 0.500427782535553 0 0.11229946524064172 0.1529790660225443 0.3181818181818182
