track 15942000
car 0.9561100006103516 0.7351046698872786 0.5080213903743316 0.7600644122383253 0.6417112299465241
car 0.5474289059638977 0.6151368760064412 0.47593582887700536 0.6272141706924316 0.5133689839572193
person 0.8547240495681763 0.1457326892109501 0.4625668449197861 0.20048309178743962 0.9197860962566845
car 0.9735355973243713 0.538647342995169 0.48128342245989303 0.5772946859903382 0.5802139037433155
truck 0.9796659350395203 0.7616747181964574 0.2967914438502674 0.9927536231884058 0.9786096256684492
truck 0.6999405026435852 0.6376811594202898 0.45989304812834225 0.6755233494363929 0.5935828877005348
chair 0.5163928866386414 0.249597423510467 0.5855614973262032 0.2890499194847021 0.7887700534759359
person 0.9182537198066711 0.6626409017713365 0.48663101604278075 0.6964573268921095 0.7406417112299465
car 0.5645387768745422 0.6376811594202898 0.45989304812834225 0.678743961352657 0.5802139037433155
car 0.9252870082855225 0.6876006441223832 0.4946524064171123 0.7262479871175523 0.5828877005347594
car 0.5771934390068054 0.5756843800322061 0.4679144385026738 0.5885668276972624 0.5133689839572193
bicycle 0.5415717959403992 0.6642512077294686 0.606951871657754 0.6900161030595813 0.7486631016042781
car 0.9707828164100647 0.7270531400966184 0.5106951871657754 0.7640901771336553 0.6096256684491979
car 0.4096664488315582 0.6103059581320451 0.4732620320855615 0.6191626409017713 0.5080213903743316
umbrella 0.41465532779693604 -0.06682769726247988 0.11229946524064172 0.1247987117552335 0.27540106951871657
