detect 25192000
person 0.9439505338668823 0.6595153212547302 0.4936186671257019 0.6922280192375183 0.7402127385139465
person 0.6058552265167236 0.3305762708187103 0.494662880897522 0.34678709506988525 0.5992722511291504
bicycle 0.42218634486198425 0.6604112982749939 0.5897080302238464 0.6860799789428711 0.7630841732025146
car 0.9927725791931152 0.7171076536178589 0.5091331601142883 0.7939127087593079 0.6453491449356079
car 0.9850074648857117 0.688409149646759 0.5060328841209412 0.725421667098999 0.6199619770050049
car 0.9767782688140869 0.5117558240890503 0.4868094027042389 0.5521540641784668 0.5873980522155762
car 0.8152496814727783 0.638248085975647 0.4971015751361847 0.660862147808075 0.572645366191864
car 0.8068020343780518 0.6000469923019409 0.4657125473022461 0.6403053998947144 0.592949390411377
car 0.5867419838905334 0.5804778933525085 0.4761832356452942 0.5922466516494751 0.510640025138855
car 0.49566903710365295 0.5916044116020203 0.4779738783836365 0.6021682024002075 0.510785698890686
truck 0.9501757621765137 0.7937677502632141 0.3272445499897003 0.9976034760475159 0.9973033666610718
