detect 117013000
person 0.9928826689720154 0.644927536231884 0.45989304812834225 0.7318840579710145 0.9598930481283422
bicycle 0.9914657473564148 0.8784219001610306 0.5294117647058824 0.9750402576489533 0.6871657754010695
bicycle 0.9685104489326477 0.6392914653784219 0.660427807486631 0.7407407407407407 1
bicycle 0.918535590171814 0.715780998389694 0.5 0.7954911433172303 0.6631016042780749
bicycle 0.7445886135101318 0.5241545893719807 0.5133689839572193 0.5587761674718197 0.6122994652406417
bicycle 0.4208349585533142 0.5370370370370371 0.5267379679144385 0.5603864734299517 0.6122994652406417
car 0.8113294243812561 0.2318840579710145 0.4304812834224599 0.3389694041867955 0.7112299465240641
traffic_light 0.8340590596199036 0.0893719806763285 0.2914438502673797 0.1111111111111111 0.3983957219251337
traffic_light 0.805138111114502 0 0 0.030595813204508857 0.23529411764705882
traffic_light 0.7712782621383667 0.9557165861513688 0.24331550802139038 0.9782608695652174 0.3449197860962567
traffic_light 0.7401376962661743 0.0426731078904992 0.28342245989304815 0.0644122383252818 0.39037433155080214
