track 18700000
person 0.9439505338668823 0.6570048309178744 0.4919786096256685 0.6884057971014492 0.7352941176470589
person 0.6058552265167236 0.3107890499194847 0.4919786096256685 0.32689210950080516 0.5989304812834224
bicycle 0.42218634486198425 0.6586151368760065 0.5855614973262032 0.6835748792270532 0.7566844919786097
car 0.9927725791931152 0.7069243156199678 0.5053475935828877 0.785024154589372 0.6417112299465241
car 0.9850074648857117 0.677938808373591 0.5026737967914439 0.714975845410628 0.6176470588235294
car 0.9767782688140869 0.4975845410628019 0.4839572192513369 0.537842190016103 0.5828877005347594
car 0.8152496814727783 0.6256038647342995 0.4919786096256685 0.6481481481481481 0.56951871657754
car 0.8068020343780518 0.5869565217391305 0.4625668449197861 0.6264090177133655 0.5855614973262032
car 0.5867419838905334 0.5668276972624798 0.4732620320855615 0.5780998389694042 0.5026737967914439
car 0.49566903710365295 0.5780998389694042 0.4732620320855615 0.5885668276972624 0.5080213903743316
