detect 27141000
person 0.8535016179084778 0.6553917527198792 0.4944845736026764 0.6879814863204956 0.7410532832145691
bicycle 0.6614512205123901 0.6582059264183044 0.5932084321975708 0.6823896765708923 0.7617868185043335
car 0.9936384558677673 0.6945217251777649 0.5042809844017029 0.7757419943809509 0.6492114067077637
car 0.9661397337913513 0.48596325516700745 0.48276883363723755 0.5266914367675781 0.5881397724151611
car 0.9254465103149414 0.6340810060501099 0.4909239709377289 0.6657450795173645 0.5792616605758667
car 0.8976708054542542 0.6144441366195679 0.49431952834129333 0.6378055214881897 0.5672997236251831
car 0.8828855156898499 0.574108362197876 0.4591580629348755 0.6122308373451233 0.5845516920089722
car 0.7786737680435181 0.6766323447227478 0.503209114074707 0.7040490508079529 0.6151111125946045
car 0.7138408422470093 0.5626702308654785 0.47286897897720337 0.5761247277259827 0.5091649889945984
car 0.5561971068382263 0.18371562659740448 0.516961395740509 0.22632399201393127 0.67037433385849
car 0.426281601190567 0.5563070774078369 0.4734921157360077 0.5681923627853394 0.5091773271560669
car 0.4220547676086426 0.523065447807312 0.4672467112541199 0.5343657732009888 0.5140802264213562
truck 0.8697515726089478 0.8046596050262451 0.298888623714447 1.0028355121612549 1.0067074298858643
