track 20722000
bicycle 0.6077226996421814 0.6529790660225443 0.606951871657754 0.6763285024154589 0.7754010695187166
car 0.9883935451507568 0.6916264090177133 0.5106951871657754 0.7326892109500805 0.6176470588235294
car 0.6446978449821472 0.5652173913043478 0.4679144385026738 0.5772946859903382 0.5026737967914439
car 0.5009450912475586 0.5571658615136876 0.4679144385026738 0.5684380032206119 0.5
truck 0.9800360798835754 0.785829307568438 0.3074866310160428 1.0128824476650564 0.9705882352941176
umbrella 0.500427782535553 0 0.11229946524064172 0.1529790660225443 0.3181818181818182
person 0.9693389534950256 0 0.42245989304812837 0.08454106280193237 0.9973262032085561
car 0.9961435198783875 0.7077294685990339 0.5053475935828877 0.7576489533011272 0.6390374331550802
car 0.9341546297073364 0.48792270531400966 0.4786096256684492 0.5289855072463768 0.5748663101604278
car 0.8772153258323669 0.6835748792270532 0.4919786096256685 0.7085346215780999 0.5909090909090909
car 0.7087193727493286 0.5869565217391305 0.46524064171123 0.6272141706924316 0.5935828877005348
person 0.960598349571228 0.6513687600644122 0.5026737967914439 0.6835748792270532 0.7540106951871658
