detect 112096000
person 0.7879436016082764 0.643317230273752 0.4919786096256685 0.6763285024154589 0.732620320855615
bicycle 0.5791531205177307 0.6505636070853462 0.6016042780748663 0.6723027375201288 0.7433155080213903
car 0.9939232468605042 0.6755233494363929 0.5 0.7576489533011272 0.6443850267379679
car 0.9469732046127319 0.09339774557165861 0.4946524064171123 0.20048309178743962 0.7192513368983957
car 0.9257618188858032 0.6127214170692431 0.48663101604278075 0.6465378421900161 0.5775401069518716
car 0.9176610112190247 0.45974235104669886 0.47058823529411764 0.500805152979066 0.5909090909090909
car 0.8568781614303589 0.5483091787439613 0.45454545454545453 0.5853462157809984 0.5748663101604278
car 0.7083829641342163 0.5869565217391305 0.48663101604278075 0.6086956521739131 0.5588235294117647
car 0.48246440291404724 0.4975845410628019 0.4572192513368984 0.5104669887278583 0.5053475935828877
car 0.4799049198627472 0.5958132045088567 0.48663101604278075 0.6175523349436393 0.5588235294117647
car 0.4547162353992462 0.5394524959742351 0.4625668449197861 0.5507246376811594 0.49732620320855614
truck 0.406934529542923 0.857487922705314 0.28342245989304815 0.998389694041868 0.9973262032085561
