track 14577000
car 0.9254465103149414 0.6175523349436393 0.48663101604278075 0.6489533011272142 0.5748663101604278
car 0.8976708054542542 0.5925925925925926 0.4893048128342246 0.6159420289855072 0.5641711229946524
car 0.5561971068382263 0.0821256038647343 0.5588235294117647 0.1247987117552335 0.7112299465240641
truck 0.8697515726089478 0.820450885668277 0.32620320855614976 1.0161030595813205 1.0294117647058822
person 0.8535016179084778 0.644927536231884 0.4919786096256685 0.677938808373591 0.7406417112299465
bicycle 0.6614512205123901 0.6489533011272142 0.5909090909090909 0.6731078904991948 0.7593582887700535
car 0.9936384558677673 0.677938808373591 0.5 0.7592592592592593 0.6443850267379679
car 0.9661397337913513 0.4605475040257649 0.4786096256684492 0.501610305958132 0.5828877005347594
car 0.4220547676086426 0.4975845410628019 0.45989304812834225 0.5088566827697263 0.5080213903743316
car 0.8828855156898499 0.5499194847020934 0.45187165775401067 0.5877616747181964 0.5775401069518716
car 0.7786737680435181 0.6594202898550725 0.5 0.6867954911433173 0.6122994652406417
car 0.7138408422470093 0.5362318840579711 0.46524064171123 0.5499194847020934 0.5026737967914439
car 0.426281601190567 0.5305958132045089 0.46524064171123 0.5426731078904992 0.5
