track
person 0.9551352858543396 0.6328502415458938 0.4893048128342246 0.6682769726247987 0.6925133689839572
car 0.9949736595153809 0.6618357487922706 0.4946524064171123 0.7399355877616747 0.6524064171122995
car 0.9622789025306702 0 0.4786096256684492 0.1747181964573269 0.7620320855614974
car 0.9395800232887268 0.5901771336553945 0.4786096256684492 0.6296296296296297 0.5909090909090909
car 0.9268377423286438 0.5241545893719807 0.45187165775401067 0.5611916264090178 0.5721925133689839
car 0.9265692234039307 0.4331723027375201 0.47058823529411764 0.4758454106280193 0.5909090909090909
car 0.8739516139030457 0.5676328502415459 0.4839572192513369 0.5958132045088567 0.5588235294117647
car 0.6139890551567078 0.5112721417069244 0.4625668449197861 0.5241545893719807 0.49732620320855614
car 0.6047903299331665 0.49838969404186795 0.45454545454545453 0.5104669887278583 0.48128342245989303
car 0.5708385705947876 0.5619967793880838 0.48663101604278075 0.5813204508856683 0.553475935828877
car 0.4579682946205139 0.6191626409017713 0.4893048128342246 0.6392914653784219 0.6016042780748663
