detect 24635000
person 0.8637310266494751 0.6200814843177795 0.49743378162384033 0.6530236005783081 0.6896584033966064
bicycle 0.7452100515365601 0.6289633512496948 0.5911175012588501 0.6536752581596375 0.741927444934845
car 0.9880379438400269 0.6487300992012024 0.5019879341125488 0.7295848727226257 0.6638407707214355
car 0.982872724533081 0.5730119347572327 0.48847275972366333 0.6116562485694885 0.5868836641311646
car 0.9572697877883911 0.4077405631542206 0.47866517305374146 0.45548567175865173 0.5965754389762878
car 0.9565907120704651 -0.001988641917705536 0.4982624650001526 0.148068368434906 0.7895272970199585
car 0.9261094927787781 0.5012440085411072 0.454973429441452 0.5380661487579346 0.5728961825370789
car 0.8756685853004456 0.5511114001274109 0.49046212434768677 0.5785563588142395 0.5668997168540955
car 0.8561275601387024 0.6014865040779114 0.5060622692108154 0.6287397742271423 0.6162258982658386
car 0.7613010406494141 0.5442644357681274 0.48838716745376587 0.572381317615509 0.5597813725471497
car 0.6653426289558411 0.538801908493042 0.4875394403934479 0.5581809878349304 0.553374171257019
car 0.4530124068260193 0.43198657035827637 0.46624016761779785 0.45266440510749817 0.5163884162902832
car 0.41438665986061096 0.48788487911224365 0.4644668996334076 0.5008639693260193 0.49923256039619446
