track 18647000
car 0.9949736595153809 0.6497584541062802 0.5026737967914439 0.7278582930756844 0.660427807486631
car 0.9268377423286438 0.5024154589371981 0.45187165775401067 0.5394524959742351 0.5721925133689839
car 0.5708385705947876 0.5418679549114331 0.4893048128342246 0.5611916264090178 0.5561497326203209
car 0.4579682946205139 0.6030595813204509 0.4946524064171123 0.6231884057971014 0.606951871657754
person 0.9551352858543396 0.6183574879227053 0.49732620320855614 0.6537842190016103 0.7005347593582888
car 0.9622789025306702 -0.04428341384863124 0.5187165775401069 0.13043478260869565 0.8021390374331551
car 0.9395800232887268 0.572463768115942 0.4839572192513369 0.6119162640901772 0.5962566844919787
car 0.9265692234039307 0.40901771336553944 0.4732620320855615 0.45169082125603865 0.5935828877005348
car 0.8739516139030457 0.5483091787439613 0.48663101604278075 0.5764895330112721 0.5614973262032086
car 0.6139890551567078 0.4887278582930757 0.46524064171123 0.501610305958132 0.5
car 0.6047903299331665 0.49838969404186795 0.45454545454545453 0.5104669887278583 0.48128342245989303
