track 14301000
person 0.9695839285850525 0.6473429951690821 0.4358288770053476 0.7270531400966184 0.9518716577540107
bicycle 0.9848276972770691 0.6409017713365539 0.6497326203208557 0.7375201288244766 1
bicycle 0.5764857530593872 0.5048309178743962 0.4919786096256685 0.5402576489533011 0.5962566844919787
car 0.5250697135925293 0.3438003220611916 0.4625668449197861 0.3776167471819646 0.5668449197860963
traffic_light 0.5319695472717285 0.9476650563607085 0.28342245989304815 0.9750402576489533 0.3716577540106952
bicycle 0.9758744835853577 0.8824476650563607 0.5187165775401069 0.9702093397745571 0.6684491978609626
bicycle 0.7444128394126892 0.7028985507246377 0.5 0.7632850241545893 0.6524064171122995
car 0.9192890524864197 0.23268921095008052 0.4358288770053476 0.34299516908212563 0.7165775401069518
traffic_light 0.8614175915718079 -0.004025764895330112 -0.0053475935828877 0.057971014492753624 0.25133689839572193
traffic_light 0.7946397066116333 0.040257648953301126 0.29411764705882354 0.06280193236714976 0.40641711229946526
traffic_light 0.6513087153434753 0.9057971014492754 0.24598930481283424 0.927536231884058 0.339572192513369
traffic_light 0.6011070013046265 0.09420289855072464 0.3048128342245989 0.1143317230273752 0.40106951871657753
