track 17201000
car 0.982872724533081 0.5539452495974235 0.48663101604278075 0.5925925925925926 0.5855614973262032
car 0.9572697877883911 0.3824476650563607 0.48128342245989303 0.42995169082125606 0.5989304812834224
car 0.8756685853004456 0.5305958132045089 0.4893048128342246 0.5579710144927537 0.5668449197860963
car 0.8561275601387024 0.5837359098228664 0.5053475935828877 0.6103059581320451 0.6149732620320856
car 0.7613010406494141 0.5233494363929146 0.48663101604278075 0.5515297906602254 0.5588235294117647
car 0.4530124068260193 0.4082125603864734 0.46524064171123 0.42914653784219003 0.516042780748663
car 0.41438665986061096 0.463768115942029 0.4625668449197861 0.4774557165861514 0.49732620320855614
person 0.8637310266494751 0.6030595813204509 0.5026737967914439 0.6360708534621579 0.6925133689839572
bicycle 0.7452100515365601 0.6103059581320451 0.5909090909090909 0.6344605475040258 0.7406417112299465
car 0.9880379438400269 0.6360708534621579 0.5026737967914439 0.717391304347826 0.6657754010695187
car 0.9565907120704651 -0.05394524959742351 0.5454545454545454 0.09339774557165861 0.8368983957219251
car 0.9261094927787781 0.4774557165861514 0.45454545454545453 0.5144927536231884 0.5721925133689839
car 0.6653426289558411 0.5185185185185185 0.48663101604278075 0.537842190016103 0.5508021390374331
