track
person 0.8558645248413086 0.5829307568438004 0.48663101604278075 0.6167471819645732 0.732620320855615
bicycle 0.6367344260215759 0.9194847020933977 0.6096256684491979 0.999194847020934 0.7967914438502673
car 0.9940764904022217 0.6247987117552335 0.5053475935828877 0.7101449275362319 0.6925133689839572
car 0.9710007309913635 0.45410628019323673 0.4572192513368984 0.4887278582930757 0.56951871657754
car 0.9545820355415344 0.533816425120773 0.48663101604278075 0.5756843800322061 0.606951871657754
car 0.9464165568351746 0.35426731078904994 0.4839572192513369 0.40418679549114334 0.6016042780748663
car 0.9377219676971436 0.5072463768115942 0.4919786096256685 0.534621578099839 0.56951871657754
car 0.6165422797203064 0.5217391304347826 0.48663101604278075 0.5595813204508857 0.5909090909090909
car 0.6095144152641296 0.4444444444444444 0.46524064171123 0.4557165861513688 0.49732620320855614
car 0.6040289402008057 0.49516908212560384 0.4919786096256685 0.5193236714975845 0.5641711229946524
car 0.4934667944908142 0 0.5802139037433155 0.05475040257648953 0.9224598930481284
car 0.48195356130599976 0.5700483091787439 0.5053475935828877 0.6159420289855072 0.6229946524064172
car 0.475378155708313 0.48792270531400966 0.4839572192513369 0.5056360708534622 0.5561497326203209
