detect 111008000
person 0.7601808905601501 0.5563607085346216 0.4893048128342246 0.5869565217391305 0.7299465240641712
person 0.4399303197860718 0.391304347826087 0.4625668449197861 0.40096618357487923 0.5133689839572193
car 0.9958505034446716 0.6086956521739131 0.5080213903743316 0.6996779388083736 0.7112299465240641
car 0.9683955311775208 0.5112721417069244 0.4839572192513369 0.5523349436392915 0.606951871657754
car 0.9517168998718262 0.31803542673107893 0.48128342245989303 0.37922705314009664 0.6122994652406417
car 0.9188662767410278 0.4895330112721417 0.4893048128342246 0.5169082125603864 0.5775401069518716
car 0.784663736820221 0.46859903381642515 0.4839572192513369 0.4863123993558776 0.5588235294117647
car 0.7770184874534607 0.42914653784219003 0.4572192513368984 0.46296296296296297 0.56951871657754
car 0.5558395385742188 0.47906602254428343 0.4893048128342246 0.5080515297906603 0.5668449197860963
car 0.48685988783836365 0.4227053140096618 0.4679144385026738 0.4331723027375201 0.49732620320855614
car 0.41899797320365906 0.37600644122383253 0.4625668449197861 0.391304347826087 0.5213903743315508
