track 18017000
person 0.7601808905601501 0.5418679549114331 0.4839572192513369 0.572463768115942 0.7272727272727273
person 0.4399303197860718 0.37922705314009664 0.45989304812834225 0.3888888888888889 0.5106951871657754
car 0.9958505034446716 0.6014492753623188 0.5053475935828877 0.6948470209339774 0.713903743315508
car 0.9683955311775208 0.5 0.48128342245989303 0.5418679549114331 0.606951871657754
car 0.9517168998718262 0.30112721417069244 0.4786096256684492 0.3647342995169082 0.6149732620320856
car 0.9188662767410278 0.4782608695652174 0.48663101604278075 0.5056360708534622 0.5748663101604278
car 0.784663736820221 0.4573268921095008 0.48128342245989303 0.4750402576489533 0.5561497326203209
car 0.7770184874534607 0.41626409017713367 0.45454545454545453 0.4492753623188406 0.5641711229946524
car 0.5558395385742188 0.4677938808373591 0.48663101604278075 0.4967793880837359 0.5641711229946524
car 0.48685988783836365 0.4114331723027375 0.46524064171123 0.4210950080515298 0.4919786096256685
car 0.41899797320365906 0.36231884057971014 0.45989304812834225 0.3784219001610306 0.5213903743315508
