detect 24369000
person 0.8842777013778687 0.5284820795059204 0.4902188777923584 0.5605843663215637 0.7319185733795166
person 0.5402536988258362 0.3638364374637604 0.4553189277648926 0.37729743123054504 0.5093410015106201
bicycle 0.6921914219856262 0.532800018787384 0.6153597235679626 0.5587679147720337 0.7359755635261536
car 0.9972220063209534 0.5972500443458557 0.5101212859153748 0.6909821033477783 0.7173372507095337
car 0.9871081709861755 0.49146655201911926 0.489423543214798 0.5337430238723755 0.6106569766998291
car 0.9408913850784302 0.46963340044021606 0.4907624423503876 0.4966667592525482 0.5850664973258972
car 0.8982431292533875 0.40466421842575073 0.45834895968437195 0.43648287653923035 0.5641562342643738
car 0.883251428604126 0.2866276502609253 0.48564326763153076 0.351884126663208 0.6357407569885254
car 0.8470458984375 0.546232283115387 0.5092447400093079 0.601706862449646 0.6592807769775391
car 0.819126307964325 0.4465517997741699 0.484717458486557 0.4629669785499573 0.559248685836792
car 0.6971029043197632 0.4567878842353821 0.49044573307037354 0.48001211881637573 0.572832465171814
car 0.5479843616485596 0.30620887875556946 0.4764541983604431 0.35465890169143677 0.6098572015762329
car 0.4440968930721283 0.3473549485206604 0.4635564684867859 0.36728987097740173 0.5268431305885315
