track 22196000
person 0.8842777013778687 0.5120772946859904 0.4839572192513369 0.5442834138486312 0.7272727272727273
person 0.5402536988258362 0.35104669887278583 0.45454545454545453 0.3639291465378422 0.5053475935828877
bicycle 0.6921914219856262 0.5152979066022544 0.6096256684491979 0.5410628019323671 0.732620320855615
car 0.9972220063209534 0.5885668276972624 0.5026737967914439 0.6851851851851852 0.7165775401069518
car 0.9871081709861755 0.47987117552334946 0.48663101604278075 0.5225442834138486 0.6096256684491979
car 0.9408913850784302 0.4581320450885668 0.48663101604278075 0.48470209339774556 0.5802139037433155
car 0.8982431292533875 0.39049919484702095 0.45454545454545453 0.4227053140096618 0.5588235294117647
car 0.883251428604126 0.2673107890499195 0.4839572192513369 0.3357487922705314 0.6390374331550802
car 0.8470458984375 0.5362318840579711 0.5026737967914439 0.5933977455716586 0.6577540106951871
car 0.819126307964325 0.43397745571658614 0.48128342245989303 0.45088566827697263 0.5561497326203209
car 0.6971029043197632 0.4444444444444444 0.48663101604278075 0.4677938808373591 0.56951871657754
car 0.5479843616485596 0.28743961352657005 0.47593582887700536 0.33816425120772947 0.6149732620320856
car 0.4440968930721283 0.3333333333333333 0.45989304812834225 0.35426731078904994 0.5267379679144385
