track 22888000
person 0.8877120018005371 0.48148148148148145 0.48663101604278075 0.5112721417069244 0.6844919786096256
bicycle 0.7685783505439758 0.4863123993558776 0.5775401069518716 0.5120772946859904 0.7165775401069518
car 0.9958269596099854 0.5748792270531401 0.4919786096256685 0.6827697262479872 0.7352941176470589
car 0.9829868674278259 0.5144927536231884 0.4946524064171123 0.5797101449275363 0.6684491978609626
car 0.9694269299507141 0.4581320450885668 0.4786096256684492 0.49355877616747185 0.6042780748663101
car 0.9639638066291809 0.2278582930756844 0.4919786096256685 0.29790660225442833 0.6524064171122995
car 0.9506185054779053 0.4331723027375201 0.48663101604278075 0.463768115942029 0.5802139037433155
car 0.9356099963188171 0.36553945249597425 0.45454545454545453 0.3977455716586151 0.5588235294117647
car 0.6887584328651428 0.4219001610305958 0.48663101604278075 0.4428341384863124 0.56951871657754
car 0.6811169385910034 0.2665056360708535 0.4732620320855615 0.3132045088566828 0.6122994652406417
car 0.6733290553092957 0.4106280193236715 0.48128342245989303 0.427536231884058 0.553475935828877
car 0.5759438276290894 0.40418679549114334 0.47593582887700536 0.4251207729468599 0.5401069518716578
car 0.466311514377594 0.40982286634460546 0.4786096256684492 0.4355877616747182 0.5588235294117647
car 0.42560046911239624 0.3993558776167472 0.4786096256684492 0.41626409017713367 0.5347593582887701
