detect 114267000
person 0.9541165232658386 0.46618357487922707 0.4893048128342246 0.4975845410628019 0.6925133689839572
person 0.45295509696006775 0.3252818035426731 0.45989304812834225 0.33494363929146537 0.5213903743315508
bicycle 0.719132661819458 0.4750402576489533 0.5775401069518716 0.49838969404186795 0.7219251336898396
car 0.9954245686531067 0.572463768115942 0.4946524064171123 0.6835748792270532 0.7406417112299465
car 0.9928480386734009 0.49516908212560384 0.49732620320855614 0.5789049919484702 0.6818181818181818
car 0.971360445022583 0.2069243156199678 0.5 0.2826086956521739 0.679144385026738
car 0.9508570432662964 0.42673107890499196 0.4919786096256685 0.45491143317230276 0.5828877005347594
car 0.9377360343933105 0.357487922705314 0.4572192513368984 0.39049919484702095 0.5641711229946524
car 0.9261946082115173 0.39049919484702095 0.4786096256684492 0.4106280193236715 0.5347593582887701
car 0.7862124443054199 0.40499194847020936 0.4839572192513369 0.4227053140096618 0.5614973262032086
car 0.727250874042511 0.2528180354267311 0.4786096256684492 0.29871175523349436 0.6390374331550802
car 0.6610756516456604 0.4138486312399356 0.4893048128342246 0.4363929146537842 0.5721925133689839
car 0.6171712279319763 0.44605475040257647 0.4839572192513369 0.4718196457326892 0.6016042780748663
car 0.42606985569000244 0.4388083735909823 0.48663101604278075 0.46537842190016104 0.6016042780748663
