track 14638000
car 0.466311514377594 0.40660225442834136 0.48128342245989303 0.4323671497584541 0.5614973262032086
car 0.42560046911239624 0.3961352657004831 0.48128342245989303 0.41304347826086957 0.5374331550802139
car 0.9958269596099854 0.5813204508856683 0.5026737967914439 0.6851851851851852 0.7379679144385026
car 0.9694269299507141 0.45169082125603865 0.4839572192513369 0.48711755233494364 0.6096256684491979
car 0.6887584328651428 0.41867954911433175 0.4893048128342246 0.4396135265700483 0.5721925133689839
person 0.8877120018005371 0.4750402576489533 0.4919786096256685 0.5040257648953301 0.6844919786096256
car 0.9356099963188171 0.3615136876006441 0.4572192513368984 0.394524959742351 0.5641711229946524
car 0.5759438276290894 0.40096618357487923 0.4786096256684492 0.4219001610305958 0.5427807486631016
bicycle 0.7685783505439758 0.47906602254428343 0.5828877005347594 0.5040257648953301 0.7192513368983957
car 0.9639638066291809 0.22061191626409019 0.5053475935828877 0.2882447665056361 0.660427807486631
car 0.9506185054779053 0.42995169082125606 0.4919786096256685 0.4605475040257649 0.5855614973262032
car 0.9829868674278259 0.5161030595813204 0.5053475935828877 0.5789049919484702 0.6737967914438503
car 0.6811169385910034 0.26247987117552335 0.4839572192513369 0.30676328502415456 0.6149732620320856
car 0.6733290553092957 0.4074074074074074 0.4839572192513369 0.4243156199677939 0.5561497326203209
