detect 113951000
person 0.9073605537414551 0.44363929146537845 0.48663101604278075 0.47665056360708535 0.7058823529411765
person 0.4386884272098541 0.3148148148148148 0.4732620320855615 0.32367149758454106 0.5320855614973262
bicycle 0.6462588906288147 0.4492753623188406 0.5962566844919787 0.47342995169082125 0.732620320855615
car 0.9959798455238342 0.4887278582930757 0.5 0.5764895330112721 0.7005347593582888
car 0.9920318722724915 0.17149758454106281 0.5213903743315508 0.2616747181964573 0.7085561497326203
car 0.9917718768119812 0.5748792270531401 0.49732620320855614 0.6908212560386473 0.7780748663101604
car 0.9463767409324646 0.3446054750402576 0.4679144385026738 0.37600644122383253 0.5748663101604278
car 0.8585309386253357 0.3969404186795491 0.4946524064171123 0.42351046698872785 0.5721925133689839
car 0.8214630484580994 0.23027375201288244 0.4893048128342246 0.28421900161030594 0.6390374331550802
car 0.8071272373199463 0.41223832528180354 0.4893048128342246 0.44363929146537845 0.6016042780748663
car 0.7829738855361938 0.39371980676328505 0.4919786096256685 0.4114331723027375 0.56951871657754
car 0.6505231261253357 0.38003220611916266 0.4839572192513369 0.3993558776167472 0.5454545454545454
car 0.5958128571510315 0.6867954911433173 0.4732620320855615 0.7101449275362319 0.5347593582887701
car 0.47381410002708435 0.2826086956521739 0.45454545454545453 0.30998389694041867 0.553475935828877
car 0.4500584304332733 0.2616747181964573 0.4919786096256685 0.285829307568438 0.6363636363636364
car 0.42696771025657654 0.4025764895330113 0.49732620320855614 0.42673107890499196 0.5855614973262032
