track 14991000
bicycle 0.719132661819458 0.463768115942029 0.5882352941176471 0.48711755233494364 0.732620320855615
car 0.9261946082115173 0.3824476650563607 0.48663101604278075 0.4025764895330113 0.5427807486631016
car 0.6171712279319763 0.4363929146537842 0.4919786096256685 0.46215780998389694 0.6096256684491979
person 0.45295509696006775 0.3188405797101449 0.4679144385026738 0.3285024154589372 0.5294117647058824
car 0.9508570432662964 0.41867954911433175 0.49732620320855614 0.4468599033816425 0.5882352941176471
car 0.6610756516456604 0.4057971014492754 0.49732620320855614 0.428341384863124 0.5802139037433155
person 0.9541165232658386 0.45491143317230276 0.49732620320855614 0.4863123993558776 0.7005347593582888
car 0.9928480386734009 0.4943639291465378 0.5080213903743316 0.5780998389694042 0.6925133689839572
car 0.971360445022583 0.18438003220611915 0.5213903743315508 0.26006441223832527 0.7005347593582888
car 0.727250874042511 0.23429951690821257 0.4946524064171123 0.28019323671497587 0.6550802139037433
car 0.42606985569000244 0.42914653784219003 0.4946524064171123 0.4557165861513688 0.6096256684491979
car 0.9954245686531067 0.5805152979066023 0.5053475935828877 0.6916264090177133 0.7513368983957219
car 0.9377360343933105 0.34782608695652173 0.4625668449197861 0.3808373590982287 0.56951871657754
car 0.7862124443054199 0.3969404186795491 0.4919786096256685 0.4146537842190016 0.56951871657754
