track 12634000
car 0.8071272373199463 0.4057971014492754 0.4893048128342246 0.43719806763285024 0.6016042780748663
car 0.7829738855361938 0.392109500805153 0.49732620320855614 0.40982286634460546 0.5748663101604278
car 0.47381410002708435 0.28019323671497587 0.4625668449197861 0.3075684380032206 0.5614973262032086
car 0.42696771025657654 0.40096618357487923 0.5026737967914439 0.4251207729468599 0.5909090909090909
person 0.9073605537414551 0.4307568438003221 0.48663101604278075 0.463768115942029 0.7058823529411765
car 0.9959798455238342 0.4927536231884058 0.5106951871657754 0.5805152979066023 0.7112299465240641
car 0.6505231261253357 0.3784219001610306 0.4893048128342246 0.3977455716586151 0.5508021390374331
person 0.4386884272098541 0.3148148148148148 0.4786096256684492 0.32367149758454106 0.5374331550802139
car 0.8214630484580994 0.21739130434782608 0.5026737967914439 0.2713365539452496 0.6524064171122995
car 0.9917718768119812 0.5933977455716586 0.5133689839572193 0.7093397745571659 0.7941176470588235
car 0.8585309386253357 0.39533011272141705 0.5 0.4219001610305958 0.5775401069518716
bicycle 0.6462588906288147 0.43478260869565216 0.5989304812834224 0.45893719806763283 0.7352941176470589
car 0.9920318722724915 0.1529790660225443 0.5401069518716578 0.2431561996779388 0.7272727272727273
car 0.4500584304332733 0.2536231884057971 0.5026737967914439 0.2777777777777778 0.6470588235294118
car 0.9463767409324646 0.3413848631239936 0.47058823529411764 0.37278582930756843 0.5775401069518716
car 0.5958128571510315 0.7028985507246377 0.4679144385026738 0.7262479871175523 0.5294117647058824
