track 28569000
person 0.9786892533302307 0.41304347826086957 0.4786096256684492 0.44122383252818037 0.6898395721925134
person 0.6809536218643188 0.5394524959742351 0.45454545454545453 0.5563607085346216 0.5026737967914439
person 0.45117032527923584 0.3083735909822866 0.48128342245989303 0.321256038647343 0.5374331550802139
bicycle 0.6934067606925964 0.41867954911433175 0.5935828877005348 0.4396135265700483 0.7272727272727273
car 0.9961051344871521 0.4895330112721417 0.4946524064171123 0.6119162640901772 0.7513368983957219
car 0.9929617047309875 0.10144927536231885 0.5320855614973262 0.22946859903381642 0.7754010695187166
car 0.9877384901046753 0.6135265700483091 0.4839572192513369 0.7697262479871175 0.8770053475935828
car 0.9852662086486816 0.44363929146537845 0.4732620320855615 0.5032206119162641 0.6443850267379679
car 0.9699506163597107 0.19806763285024154 0.4946524064171123 0.2608695652173913 0.6818181818181818
car 0.8956680297851562 0.24476650563607086 0.4946524064171123 0.2745571658615137 0.6256684491978609
car 0.8152590394020081 0.38003220611916266 0.48128342245989303 0.40177133655394526 0.5481283422459893
car 0.8051044940948486 0.34057971014492755 0.4625668449197861 0.3711755233494364 0.5721925133689839
car 0.8039205074310303 0.394524959742351 0.4893048128342246 0.4106280193236715 0.5855614973262032
car 0.7865732908248901 0.39533011272141705 0.48663101604278075 0.4194847020933977 0.5882352941176471
car 0.7003189921379089 0.4025764895330113 0.4786096256684492 0.42351046698872785 0.5909090909090909
car 0.5976240634918213 0.3711755233494364 0.48128342245989303 0.38486312399355876 0.5401069518716578
car 0.4384458065032959 0.2809983896940419 0.4572192513368984 0.30676328502415456 0.5401069518716578
car 0.4348408579826355 0.31803542673107893 0.4679144385026738 0.33011272141706927 0.49732620320855614
