detect 113923000
person 0.8687659502029419 0.40901771336553944 0.4732620320855615 0.4428341384863124 0.7219251336898396
person 0.7422329187393188 0.3148148148148148 0.47058823529411764 0.32608695652173914 0.5347593582887701
car 0.9969443082809448 0.09339774557165861 0.5294117647058824 0.22624798711755234 0.7914438502673797
car 0.9942752122879028 0.5 0.4893048128342246 0.6256038647342995 0.7593582887700535
car 0.9884426593780518 0.6400966183574879 0.4786096256684492 0.8043478260869565 0.9090909090909091
car 0.987389087677002 0.19243156199677938 0.4946524064171123 0.25925925925925924 0.6898395721925134
car 0.9764032363891602 0.4492753623188406 0.47593582887700536 0.5080515297906603 0.6497326203208557
car 0.9388273358345032 0.24396135265700483 0.49732620320855614 0.2777777777777778 0.6310160427807486
car 0.7725146412849426 0.3776167471819646 0.4732620320855615 0.392109500805153 0.5320855614973262
car 0.6847121715545654 0.34541062801932365 0.4572192513368984 0.3743961352657005 0.5614973262032086
car 0.5965889692306519 0.3993558776167472 0.47593582887700536 0.4210950080515298 0.5668449197860963
car 0.5282782912254333 0.38808373590982287 0.4732620320855615 0.40660225442834136 0.5427807486631016
car 0.4780079424381256 0.4194847020933977 0.4839572192513369 0.4573268921095008 0.5935828877005348
