track 22243000
person 0.8687659502029419 0.40901771336553944 0.4625668449197861 0.4428341384863124 0.713903743315508
person 0.7422329187393188 0.321256038647343 0.46524064171123 0.33172302737520126 0.5267379679144385
car 0.9969443082809448 0.08373590982286634 0.5294117647058824 0.22383252818035426 0.8048128342245989
car 0.9942752122879028 0.5072463768115942 0.4786096256684492 0.6409017713365539 0.7647058823529411
car 0.9884426593780518 0.6594202898550725 0.45989304812834225 0.8454106280193237 0.946524064171123
car 0.987389087677002 0.1892109500805153 0.48663101604278075 0.2608695652173913 0.6951871657754011
car 0.9764032363891602 0.45491143317230276 0.4679144385026738 0.5152979066022544 0.6470588235294118
car 0.9388273358345032 0.24476650563607086 0.4893048128342246 0.28019323671497587 0.6310160427807486
car 0.7725146412849426 0.3832528180354267 0.4679144385026738 0.3969404186795491 0.5240641711229946
car 0.6847121715545654 0.35104669887278583 0.44919786096256686 0.37922705314009664 0.5508021390374331
car 0.5965889692306519 0.40499194847020936 0.4679144385026738 0.42673107890499196 0.5588235294117647
car 0.5282782912254333 0.39371980676328505 0.46524064171123 0.41223832528180354 0.5347593582887701
car 0.4780079424381256 0.4243156199677939 0.47593582887700536 0.463768115942029 0.5882352941176471
