track 26654000
bicycle 0.4208349585533142 0.5370370370370371 0.5267379679144385 0.5603864734299517 0.6122994652406417
traffic_light 0.7712782621383667 0.9557165861513688 0.24331550802139038 0.9782608695652174 0.3449197860962567
traffic_light 0.7401376962661743 0.036231884057971016 0.26737967914438504 0.057971014492753624 0.37433155080213903
person 0.9928826689720154 0.642512077294686 0.4385026737967914 0.7294685990338164 0.9385026737967914
bicycle 0.9685104489326477 0.6336553945249598 0.6336898395721925 0.7351046698872786 0.9732620320855615
bicycle 0.918535590171814 0.7230273752012882 0.47058823529411764 0.8027375201288245 0.6336898395721925
bicycle 0.7445886135101318 0.5241545893719807 0.5133689839572193 0.5587761674718197 0.6122994652406417
bicycle 0.9914657473564148 0.9066022544283414 0.5240641711229946 1.003220611916264 0.6818181818181818
car 0.8113294243812561 0.23268921095008052 0.4197860962566845 0.3397745571658615 0.7005347593582888
traffic_light 0.8340590596199036 0.08776167471819646 0.2727272727272727 0.10950080515297907 0.37967914438502676
traffic_light 0.805138111114502 0 -0.01871657754010695 0.030595813204508857 0.21657754010695188
