track 19357000
person 0.8687659502029419 0.41545893719806765 0.4625668449197861 0.4492753623188406 0.7112299465240641
person 0.7422329187393188 0.3285024154589372 0.46524064171123 0.3397745571658615 0.5294117647058824
car 0.9884426593780518 0.7198067632850241 0.5347593582887701 0.8840579710144928 0.9652406417112299
car 0.9764032363891602 0.46537842190016104 0.47593582887700536 0.5241545893719807 0.6497326203208557
car 0.7725146412849426 0.391304347826087 0.4679144385026738 0.4057971014492754 0.5267379679144385
car 0.6847121715545654 0.35909822866344604 0.45187165775401067 0.38808373590982287 0.5561497326203209
car 0.9969443082809448 0.08454106280193237 0.5320855614973262 0.21739130434782608 0.7941176470588235
car 0.9942752122879028 0.5289855072463768 0.5053475935828877 0.6545893719806763 0.7754010695187166
car 0.987389087677002 0.19243156199677938 0.4946524064171123 0.25925925925925924 0.6898395721925134
car 0.9388273358345032 0.249597423510467 0.4946524064171123 0.2834138486312399 0.6283422459893048
car 0.5965889692306519 0.4082125603864734 0.45454545454545453 0.42995169082125606 0.5454545454545454
car 0.5282782912254333 0.4025764895330113 0.47058823529411764 0.4210950080515298 0.5401069518716578
car 0.4780079424381256 0.43397745571658614 0.48128342245989303 0.4718196457326892 0.5909090909090909
