detect 114203000
person 0.8784505128860474 0.5974235104669887 0.43315508021390375 0.6199677938808373 0.5
person 0.8541409373283386 0.41867954911433175 0.4679144385026738 0.44605475040257647 0.6631016042780749
person 0.7163642644882202 0.3438003220611916 0.45989304812834225 0.35668276972624796 0.5320855614973262
bicycle 0.8309391140937805 0.42592592592592593 0.56951871657754 0.4476650563607085 0.7165775401069518
car 0.9942300915718079 0.4742351046698873 0.4625668449197861 0.5579710144927537 0.6737967914438503
car 0.9936362504959106 0.537842190016103 0.4919786096256685 0.7198067632850241 0.8449197860962567
car 0.9912945032119751 0.040257648953301126 0.5294117647058824 0.22383252818035426 0.8502673796791443
car 0.9895805716514587 0.2616747181964573 0.49732620320855614 0.2946859903381642 0.6310160427807486
car 0.9841997027397156 0.782608695652174 0.4839572192513369 0.9943639291465378 1
car 0.9791133999824524 0.19001610305958133 0.48128342245989303 0.26972624798711753 0.7058823529411765
car 0.8622798323631287 0.44605475040257647 0.47593582887700536 0.47987117552334946 0.6176470588235294
car 0.7626622319221497 0.2882447665056361 0.48128342245989303 0.3188405797101449 0.5561497326203209
car 0.7281364798545837 0.3719806763285024 0.44919786096256686 0.4001610305958132 0.5427807486631016
car 0.6826704144477844 0.40499194847020936 0.46524064171123 0.42028985507246375 0.5240641711229946
car 0.40271908044815063 0.2560386473429952 0.5133689839572193 0.2882447665056361 0.6470588235294118
