track 16099000
person 0.6805402040481567 0.5700483091787439 0.4304812834224599 0.5901771336553945 0.4919786096256685
car 0.9962871074676514 0.05636070853462158 0.5481283422459893 0.21014492753623187 0.8315508021390374
car 0.9920938014984131 0.2632850241545894 0.5 0.2938808373590982 0.6363636363636364
car 0.9798612594604492 0.19243156199677938 0.5 0.2616747181964573 0.7058823529411765
car 0.6676721572875977 0.4146537842190016 0.46524064171123 0.43478260869565216 0.5427807486631016
car 0.6610371470451355 0.40499194847020936 0.4679144385026738 0.4210950080515298 0.5267379679144385
person 0.9744114875793457 0.4178743961352657 0.4679144385026738 0.44847020933977455 0.7005347593582888
person 0.7705175876617432 0.34299516908212563 0.4625668449197861 0.35507246376811596 0.5320855614973262
car 0.9977914094924927 0.5515297906602254 0.5 0.6988727858293076 0.820855614973262
car 0.8062117695808411 0.37359098228663445 0.45187165775401067 0.4001610305958132 0.5427807486631016
car 0.6997693777084351 0.357487922705314 0.4572192513368984 0.3719806763285024 0.48128342245989303
car 0.418636292219162 0.31239935587761675 0.44385026737967914 0.3421900161030596 0.5427807486631016
bicycle 0.786040723323822 0.42592592592592593 0.56951871657754 0.44847020933977455 0.7245989304812834
car 0.9927339553833008 0.6376811594202898 0.44385026737967914 0.8590982286634461 0.9652406417112299
car 0.9918118119239807 0.4774557165861514 0.47058823529411764 0.5491143317230274 0.660427807486631
car 0.4741615653038025 0.4492753623188406 0.4679144385026738 0.4822866344605475 0.6149732620320856
