track 27181000
person 0.8748217821121216 0.42914653784219003 0.47058823529411764 0.4557165861513688 0.6898395721925134
person 0.7009294033050537 0.6505636070853462 0.43315508021390375 0.677133655394525 0.5133689839572193
person 0.6673158407211304 0.3639291465378422 0.46524064171123 0.3784219001610306 0.5401069518716578
bicycle 0.8604223728179932 0.4323671497584541 0.56951871657754 0.4533011272141707 0.713903743315508
car 0.9965613484382629 -0.014492753623188406 0.5401069518716578 0.21578099838969403 0.9064171122994652
car 0.9961435198783875 0.5700483091787439 0.4839572192513369 0.8341384863123994 0.9705882352941176
car 0.9846875071525574 0.500805152979066 0.4679144385026738 0.5966183574879227 0.7032085561497327
car 0.9681578874588013 0.2665056360708535 0.516042780748663 0.3003220611916264 0.6657754010695187
car 0.9671768546104431 0.9235104669887279 0.43315508021390375 1.0974235104669887 1.1443850267379678
car 0.9646950364112854 0.4758454106280193 0.4839572192513369 0.5128824476650563 0.6390374331550802
car 0.9503490924835205 0.2777777777777778 0.5 0.3164251207729469 0.6203208556149733
car 0.9225577712059021 0.17954911433172302 0.4839572192513369 0.27616747181964574 0.7566844919786097
car 0.8046016693115234 0.45652173913043476 0.4839572192513369 0.48470209339774556 0.606951871657754
car 0.7375591397285461 0.394524959742351 0.4572192513368984 0.4210950080515298 0.5454545454545454
car 0.6946042776107788 0.30193236714975846 0.4839572192513369 0.33816425120772947 0.5588235294117647
car 0.5780040621757507 0.285829307568438 0.48663101604278075 0.33494363929146537 0.56951871657754
car 0.48838233947753906 0.38003220611916266 0.46524064171123 0.39371980676328505 0.4893048128342246
