track 18521000
car 0.9965613484382629 -0.021739130434782608 0.5641711229946524 0.19162640901771336 0.9037433155080213
car 0.9646950364112854 0.4855072463768116 0.4839572192513369 0.5217391304347826 0.6336898395721925
car 0.9225577712059021 0.17954911433172302 0.4919786096256685 0.26972624798711753 0.7459893048128342
bicycle 0.8604223728179932 0.43719806763285024 0.5668449197860963 0.45893719806763283 0.713903743315508
car 0.9846875071525574 0.5169082125603864 0.47593582887700536 0.6078904991948471 0.7005347593582888
car 0.9681578874588013 0.26811594202898553 0.5187165775401069 0.3003220611916264 0.660427807486631
car 0.6946042776107788 0.3059581320450886 0.4839572192513369 0.34057971014492755 0.5561497326203209
person 0.8748217821121216 0.43478260869565216 0.4732620320855615 0.4613526570048309 0.6898395721925134
car 0.9961435198783875 0.6183574879227053 0.5347593582887701 0.8534621578099839 0.9679144385026738
car 0.7375591397285461 0.40177133655394526 0.45187165775401067 0.42914653784219003 0.5427807486631016
car 0.5780040621757507 0.29066022544283415 0.48663101604278075 0.33735909822866345 0.5668449197860963
car 0.8046016693115234 0.463768115942029 0.48128342245989303 0.49114331723027377 0.6016042780748663
car 0.48838233947753906 0.38727858293075684 0.45989304812834225 0.40177133655394526 0.48663101604278075
person 0.7009294033050537 0.6328502415458938 0.4385026737967914 0.6561996779388084 0.5106951871657754
person 0.6673158407211304 0.3711755233494364 0.4625668449197861 0.3856682769726248 0.5374331550802139
car 0.9671768546104431 0.8719806763285024 0.47593582887700536 1 1
car 0.9503490924835205 0.28019323671497587 0.5026737967914439 0.3172302737520129 0.6176470588235294
