track 15816000
car 0.9937413334846497 0.644122383252818 0.5240641711229946 0.9524959742351047 1.0133689839572193
car 0.9850188493728638 0.285829307568438 0.4946524064171123 0.32608695652173914 0.6203208556149733
car 0.9667381644248962 0.17149758454106281 0.48663101604278075 0.26811594202898553 0.7593582887700535
car 0.814806342124939 0.4774557165861514 0.4679144385026738 0.5096618357487923 0.5962566844919787
person 0.7279263138771057 0.6714975845410628 0.4358288770053476 0.6980676328502415 0.5294117647058824
car 0.9167912602424622 0.3172302737520129 0.47593582887700536 0.35668276972624796 0.5561497326203209
bicycle 0.4822714924812317 0.4492753623188406 0.5641711229946524 0.46859903381642515 0.7192513368983957
car 0.9969522953033447 0.5370370370370371 0.4679144385026738 0.6392914653784219 0.7219251336898396
car 0.9087863564491272 0.5 0.48128342245989303 0.5418679549114331 0.6497326203208557
car 0.5876736044883728 0.41626409017713367 0.44385026737967914 0.44363929146537845 0.5427807486631016
person 0.9709426760673523 0.44524959742351045 0.47058823529411764 0.4718196457326892 0.7005347593582888
person 0.7446200847625732 0.3824476650563607 0.4572192513368984 0.39855072463768115 0.5320855614973262
car 0.987320601940155 0.2721417069243156 0.5213903743315508 0.30434782608695654 0.6631016042780749
car 0.9867354035377502 -0.012077294685990338 0.5454545454545454 0.1956521739130435 0.9385026737967914
