detect 113429000
person 0.9534444808959961 0.6400966183574879 0.446524064171123 0.711755233494364 0.893048128342246
bicycle 0.9889981150627136 0.7753623188405797 0.48663101604278075 0.8631239935587761 0.6631016042780749
bicycle 0.9826385378837585 0.6296296296296297 0.660427807486631 0.7294685990338164 1
bicycle 0.7234433889389038 0.966988727858293 0.5427807486631016 1 0.6844919786096256
bicycle 0.5996535420417786 0.5507246376811594 0.4839572192513369 0.5982286634460547 0.6096256684491979
bicycle 0.43172702193260193 0.36312399355877617 0.5374331550802139 0.3832528180354267 0.6336898395721925
bicycle 0.4167162775993347 0.3888888888888889 0.5401069518716578 0.4170692431561997 0.6363636363636364
car 0.8506025671958923 0.2246376811594203 0.41711229946524064 0.3365539452495974 0.7005347593582888
car 0.661683201789856 0.36231884057971014 0.45187165775401067 0.40499194847020936 0.5508021390374331
car 0.563077986240387 0.1473429951690821 0.49732620320855614 0.18035426731078905 0.5454545454545454
car 0.40966272354125977 0.07326892109500806 0.5106951871657754 0.10144927536231885 0.56951871657754
traffic_light 0.9623349905014038 0.029790660225442835 0.26737967914438504 0.05314009661835749 0.37967914438502676
traffic_light 0.8889060020446777 0.08051529790660225 0.27540106951871657 0.10466988727858294 0.38235294117647056
handbag 0.47176358103752136 0.6940418679549114 0.5614973262032086 0.7238325281803543 0.7112299465240641
