track 13583000
car 0.9936205148696899 0.6553945249597424 0.5240641711229946 1.0104669887278583 1.0106951871657754
car 0.9888436794281006 0.29066022544283415 0.4946524064171123 0.33494363929146537 0.6229946524064172
car 0.9276716113090515 0.3276972624798712 0.4732620320855615 0.3647342995169082 0.5588235294117647
car 0.6798509359359741 0.428341384863124 0.44385026737967914 0.45491143317230276 0.5347593582887701
person 0.5584286451339722 0.39533011272141705 0.44919786096256686 0.40901771336553944 0.5320855614973262
car 0.9980765581130981 0.5563607085346216 0.4919786096256685 0.6763285024154589 0.7647058823529411
car 0.9756593108177185 0.26972624798711753 0.5106951871657754 0.3107890499194847 0.6737967914438503
car 0.9629275798797607 0.5120772946859904 0.4786096256684492 0.5628019323671497 0.6631016042780749
car 0.9490423202514648 0.1529790660225443 0.4839572192513369 0.2632850241545894 0.7780748663101604
car 0.8308306336402893 0.49114331723027377 0.4732620320855615 0.5241545893719807 0.606951871657754
car 0.9757431745529175 -0.037037037037037035 0.5588235294117647 0.15539452495974235 1.0080213903743316
person 0.9376054406166077 0.714170692431562 0.4304812834224599 0.7471819645732689 0.5508021390374331
bicycle 0.6910163164138794 0.45410628019323673 0.5588235294117647 0.47665056360708535 0.713903743315508
car 0.49916982650756836 0.4782608695652174 0.4679144385026738 0.5072463768115942 0.5641711229946524
person 0.9681731462478638 0.45088566827697263 0.4625668449197861 0.47906602254428343 0.6657754010695187
