track 15866000
person 0.5990028381347656 0.40499194847020936 0.4625668449197861 0.4178743961352657 0.5427807486631016
car 0.9981071949005127 0.5813204508856683 0.47593582887700536 0.7214170692431562 0.8021390374331551
car 0.988997757434845 0.2648953301127214 0.5213903743315508 0.3107890499194847 0.7032085561497327
car 0.984618604183197 0.5813204508856683 0.44919786096256686 0.8880837359098228 0.9010695187165776
car 0.9833825826644897 0.2946859903381642 0.4946524064171123 0.3389694041867955 0.6310160427807486
person 0.952399730682373 0.45893719806763283 0.4732620320855615 0.48792270531400966 0.6871657754010695
person 0.9492409229278564 0.7681159420289855 0.4117647058823529 0.8019323671497585 0.679144385026738
car 0.9943192005157471 -0.037037037037037035 0.5775401069518716 0.13123993558776167 1.0294117647058822
person 0.4233083724975586 0.26811594202898553 0.4572192513368984 0.28180354267310787 0.5106951871657754
car 0.9199329614639282 0.5080515297906603 0.48128342245989303 0.5426731078904992 0.6203208556149733
car 0.9078019261360168 0.33172302737520126 0.4786096256684492 0.37278582930756843 0.5641711229946524
car 0.7331844568252563 0.28019323671497587 0.5026737967914439 0.3309178743961353 0.6497326203208557
car 0.6519507169723511 0.44041867954911434 0.446524064171123 0.4677938808373591 0.5374331550802139
car 0.5955732464790344 0.4919484702093398 0.46524064171123 0.5185185185185185 0.5721925133689839
bicycle 0.8645736575126648 0.4613526570048309 0.5748663101604278 0.4830917874396135 0.7245989304812834
car 0.9887242913246155 0.5322061191626409 0.4839572192513369 0.5901771336553945 0.6871657754010695
car 0.9727308750152588 0.1247987117552335 0.4839572192513369 0.2576489533011272 0.8021390374331551
