detect 25761000
person 0.9932345747947693 0.922023594379425 0.43443816900253296 0.9963773488998413 0.8490985035896301
person 0.9578578472137451 0.4676785171031952 0.4791364073753357 0.49563419818878174 0.6945458650588989
person 0.4900279641151428 0.412497878074646 0.4756969213485718 0.42450687289237976 0.5571551322937012
bicycle 0.4303479790687561 0.47144460678100586 0.5768651962280273 0.49026018381118774 0.7264314293861389
car 0.9962032437324524 0.5970470905303955 0.47041061520576477 0.8136745691299438 0.9168096780776978
car 0.9946975708007812 0.5456753373146057 0.4915870726108551 0.627869725227356 0.7317675352096558
car 0.9898694157600403 0.29320576786994934 0.5033179521560669 0.34652167558670044 0.6604186296463013
car 0.9728151559829712 0.24941766262054443 0.5269556045532227 0.31706124544143677 0.7271584868431091
car 0.9715948700904846 0.038290925323963165 0.4804260730743408 0.2571726441383362 0.9054194688796997
car 0.9233327507972717 0.5214115381240845 0.4900975823402405 0.5615532994270325 0.6532637476921082
car 0.8724247813224792 0.0008070021867752075 0.5922946929931641 0.06844808906316757 1.0162630081176758
car 0.6991806030273438 0.4971936047077179 0.47432875633239746 0.5336392521858215 0.5601674318313599
car 0.6682722568511963 0.5130947828292847 0.48652276396751404 0.5430932641029358 0.6023244857788086
car 0.5495434403419495 0.45318639278411865 0.4540947675704956 0.4778352379798889 0.5514394044876099
car 0.5185791254043579 0.4855603873729706 0.46949806809425354 0.504148006439209 0.5443127155303955
car 0.43363022804260254 0.34357351064682007 0.48432570695877075 0.3841041624546051 0.579550564289093
