track 24781000
person 0.9578578472137451 0.4694041867954911 0.4786096256684492 0.4967793880837359 0.6898395721925134
person 0.4900279641151428 0.4146537842190016 0.47593582887700536 0.42673107890499196 0.5588235294117647
bicycle 0.4303479790687561 0.47342995169082125 0.5748663101604278 0.4919484702093398 0.7245989304812834
car 0.9946975708007812 0.5515297906602254 0.4893048128342246 0.6384863123993558 0.7433155080213903
car 0.9898694157600403 0.2898550724637681 0.5026737967914439 0.3462157809983897 0.6684491978609626
car 0.9728151559829712 0.24074074074074073 0.5267379679144385 0.3132045088566828 0.7379679144385026
car 0.9715948700904846 0.01288244766505636 0.48128342245989303 0.249597423510467 0.9385026737967914
car 0.9233327507972717 0.5257648953301127 0.4893048128342246 0.5676328502415459 0.6577540106951871
car 0.6991806030273438 0.500805152979066 0.4732620320855615 0.537842190016103 0.5614973262032086
car 0.6682722568511963 0.5177133655394525 0.4839572192513369 0.5483091787439613 0.6042780748663101
car 0.5495434403419495 0.45652173913043476 0.45187165775401067 0.4806763285024155 0.5481283422459893
car 0.5185791254043579 0.4895330112721417 0.4679144385026738 0.5080515297906603 0.5427807486631016
car 0.43363022804260254 0.3446054750402576 0.48663101604278075 0.3864734299516908 0.5802139037433155
