track 13982000
bicycle 0.9230033755302429 0.9178743961352657 0.5133689839572193 0.998389694041868 0.6764705882352942
bicycle 0.8053830862045288 0.537842190016103 0.5053475935828877 0.5797101449275363 0.6096256684491979
car 0.5789313912391663 0.36312399355877617 0.4572192513368984 0.40660225442834136 0.5561497326203209
traffic_light 0.7802553772926331 0.08293075684380032 0.28342245989304815 0.10869565217391304 0.3877005347593583
person 0.4578319489955902 0.14251207729468598 0.4946524064171123 0.16022544283413848 0.5748663101604278
bicycle 0.9916649460792542 0.7785829307568438 0.5 0.8599033816425121 0.6631016042780749
bicycle 0.6074275374412537 0.3824476650563607 0.5401069518716578 0.41545893719806765 0.6390374331550802
bicycle 0.5514500141143799 0.36231884057971014 0.5401069518716578 0.38164251207729466 0.6310160427807486
bicycle 0.4849068820476532 0.9718196457326892 0.5401069518716578 1 0.6871657754010695
car 0.9824935793876648 0.23268921095008052 0.42780748663101603 0.3389694041867955 0.7058823529411765
traffic_light 0.9305998682975769 0.029790660225442835 0.24598930481283424 0.05152979066022544 0.35561497326203206
person 0.9396732449531555 0.6392914653784219 0.42245989304812837 0.717391304347826 0.9438502673796791
bicycle 0.9829561114311218 0.6304347826086957 0.6310160427807486 0.7270531400966184 0.9786096256684492
