track 17091000
bicycle 0.7234433889389038 0.966988727858293 0.5427807486631016 1 0.6844919786096256
bicycle 0.5996535420417786 0.5507246376811594 0.4839572192513369 0.5982286634460547 0.6096256684491979
traffic_light 0.8889060020446777 0.07407407407407407 0.2647058823529412 0.09822866344605476 0.3716577540106952
bicycle 0.43172702193260193 0.37278582930756843 0.5374331550802139 0.392914653784219 0.6336898395721925
bicycle 0.4167162775993347 0.3993558776167472 0.5401069518716578 0.427536231884058 0.6363636363636364
car 0.8506025671958923 0.23027375201288244 0.41711229946524064 0.3421900161030596 0.7005347593582888
traffic_light 0.9623349905014038 0.021739130434782608 0.25133689839572193 0.04508856682769726 0.36363636363636365
person 0.9534444808959961 0.6312399355877617 0.44385026737967914 0.7028985507246377 0.8903743315508021
bicycle 0.9889981150627136 0.8099838969404187 0.5 0.8977455716586151 0.6764705882352942
bicycle 0.9826385378837585 0.6207729468599034 0.6550802139037433 0.7206119162640902 0.9946524064171123
car 0.661683201789856 0.37359098228663445 0.45187165775401067 0.41626409017713367 0.5508021390374331
car 0.563077986240387 0.15861513687600645 0.4919786096256685 0.19162640901771336 0.5401069518716578
handbag 0.47176358103752136 0.7012882447665056 0.6042780748663101 0.7310789049919485 0.7540106951871658
car 0.40966272354125977 0.0853462157809984 0.5053475935828877 0.11352657004830918 0.5641711229946524
