detect 111235000
person 0.9368919134140015 0.6256038647342995 0.4786096256684492 0.6996779388083736 0.9090909090909091
bicycle 0.9920051097869873 0.8429951690821256 0.5187165775401069 0.9484702093397746 0.7165775401069518
bicycle 0.9744940996170044 0.6223832528180354 0.6978609625668449 0.7133655394524959 1
bicycle 0.7098792791366577 0.5861513687600645 0.5294117647058824 0.6312399355877617 0.6443850267379679
bicycle 0.5643970370292664 0.38405797101449274 0.5588235294117647 0.42351046698872785 0.6631016042780749
car 0.9008923768997192 0.38808373590982287 0.4679144385026738 0.4331723027375201 0.56951871657754
car 0.866240382194519 0.22705314009661837 0.4385026737967914 0.3276972624798712 0.7058823529411765
traffic_light 0.8129469752311707 0.012077294685990338 0.2620320855614973 0.037037037037037035 0.3850267379679144
traffic_light 0.5644543766975403 0.07004830917874397 0.2700534759358289 0.0966183574879227 0.42245989304812837
