track 17879000
bicycle 0.9920051097869873 0.8921095008051529 0.5187165775401069 0.9975845410628019 0.7165775401069518
bicycle 0.9744940996170044 0.6078904991948471 0.6818181818181818 0.6988727858293076 0.983957219251337
traffic_light 0.5644543766975403 0.0644122383252818 0.27540106951871657 0.09098228663446055 0.42780748663101603
person 0.9368919134140015 0.6127214170692431 0.47593582887700536 0.6867954911433173 0.9064171122994652
bicycle 0.7098792791366577 0.5740740740740741 0.5481283422459893 0.6191626409017713 0.6631016042780749
bicycle 0.5643970370292664 0.39533011272141705 0.5668449197860963 0.43478260869565216 0.6711229946524064
car 0.9008923768997192 0.4001610305958132 0.47593582887700536 0.44524959742351045 0.5775401069518716
car 0.866240382194519 0.2318840579710145 0.446524064171123 0.3325281803542673 0.713903743315508
traffic_light 0.8129469752311707 -0.0008051529790660225 0.2620320855614973 0.024154589371980676 0.3850267379679144
