track 13667000
traffic_light 0.9151092171669006 0.04428341384863124 0.2540106951871658 0.07648953301127215 0.37967914438502676
traffic_light 0.7004132270812988 0 0.28609625668449196 0.026570048309178744 0.4144385026737968
bicycle 0.9762073159217834 0.5942028985507246 0.6844919786096256 0.6884057971014492 0.9759358288770054
car 0.8574332594871521 0.23107890499194847 0.4625668449197861 0.33172302737520126 0.7085561497326203
car 0.7229834794998169 0.41223832528180354 0.47058823529411764 0.45893719806763283 0.5802139037433155
handbag 0.42916223406791687 0.6473429951690821 0.5909090909090909 0.677133655394525 0.7219251336898396
person 0.9702607989311218 0.5966183574879227 0.48663101604278075 0.6682769726247987 0.9064171122994652
bicycle 0.9938768744468689 0.9307568438003221 0.5267379679144385 1.0475040257648953 0.7513368983957219
bicycle 0.4282144606113434 0.40660225442834136 0.56951871657754 0.43156199677938806 0.6737967914438503
