detect 111070000
person 0.9719223976135254 0.5394524959742351 0.4732620320855615 0.6030595813204509 0.8235294117647058
person 0.5043266415596008 0.37922705314009664 0.4625668449197861 0.39049919484702095 0.553475935828877
bicycle 0.9552304148674011 0.533816425120773 0.6497326203208557 0.6127214170692431 0.9090909090909091
bicycle 0.7879486680030823 0.4533011272141707 0.5347593582887701 0.48389694041867953 0.6818181818181818
bicycle 0.7391068935394287 0.7198067632850241 0.5053475935828877 0.7809983896940419 0.6631016042780749
bicycle 0.6606725454330444 0.4855072463768116 0.5427807486631016 0.5249597423510467 0.6898395721925134
bicycle 0.611294686794281 0.7560386473429952 0.516042780748663 0.7987117552334944 0.6684491978609626
car 0.6993651986122131 0.46296296296296297 0.4385026737967914 0.5209339774557166 0.553475935828877
car 0.5897032618522644 0.2745571658615137 0.446524064171123 0.34299516908212563 0.6764705882352942
truck 0.6714989542961121 0.2753623188405797 0.446524064171123 0.34057971014492755 0.6737967914438503
