track 15821000
person 0.9719223976135254 0.5297906602254429 0.4679144385026738 0.5942028985507246 0.820855614973262
person 0.5043266415596008 0.3856682769726248 0.45989304812834225 0.3969404186795491 0.5508021390374331
bicycle 0.9552304148674011 0.5209339774557166 0.6390374331550802 0.607085346215781 0.9224598930481284
bicycle 0.7879486680030823 0.45974235104669886 0.5347593582887701 0.49033816425120774 0.6844919786096256
bicycle 0.7391068935394287 0.7342995169082126 0.5106951871657754 0.7979066022544283 0.6737967914438503
bicycle 0.6606725454330444 0.4927536231884058 0.5427807486631016 0.533011272141707 0.6925133689839572
bicycle 0.611294686794281 0.7721417069243156 0.5240641711229946 0.8164251207729468 0.6818181818181818
car 0.6993651986122131 0.4694041867954911 0.4385026737967914 0.5273752012882448 0.553475935828877
car 0.5897032618522644 0.2785829307568438 0.44385026737967914 0.3462157809983897 0.6711229946524064
truck 0.6714989542961121 0.28019323671497587 0.44385026737967914 0.3446054750402576 0.6684491978609626
