track 18781000
truck 0.6714989542961121 0.28743961352657005 0.446524064171123 0.3526570048309179 0.6737967914438503
person 0.5043266415596008 0.392109500805153 0.4625668449197861 0.4033816425120773 0.553475935828877
car 0.6993651986122131 0.4782608695652174 0.4411764705882353 0.5362318840579711 0.5561497326203209
car 0.5897032618522644 0.285829307568438 0.446524064171123 0.35426731078904994 0.6764705882352942
bicycle 0.7391068935394287 0.7520128824476651 0.516042780748663 0.8132045088566827 0.6737967914438503
bicycle 0.6606725454330444 0.5024154589371981 0.553475935828877 0.5418679549114331 0.7005347593582888
bicycle 0.611294686794281 0.7560386473429952 0.516042780748663 0.7987117552334944 0.6684491978609626
person 0.9719223976135254 0.5322061191626409 0.47058823529411764 0.5958132045088567 0.820855614973262
bicycle 0.9552304148674011 0.5185185185185185 0.6470588235294118 0.5974235104669887 0.9064171122994652
bicycle 0.7879486680030823 0.46859903381642515 0.5374331550802139 0.499194847020934 0.6844919786096256
