track 14340000
person 0.9622725248336792 0.6368760064412239 0.4144385026737968 0.7125603864734299 0.9037433155080213
bicycle 0.8352351188659668 0.7447665056360708 0.5053475935828877 0.8011272141706924 0.6096256684491979
traffic_light 0.7875657081604004 0.027375201288244767 0.2192513368983957 0.07809983896940419 0.3235294117647059
traffic_light 0.7208939790725708 0.08856682769726248 -0.03208556149732621 0.12238325281803543 0.2540106951871658
traffic_light 0.49667245149612427 0.8075684380032206 0.26737967914438504 0.8301127214170693 0.3449197860962567
traffic_light 0.42611628770828247 0.8075684380032206 0.22459893048128343 0.8349436392914654 0.3502673796791444
person 0.9765210747718811 0.8904991948470209 0.45989304812834225 0.9702093397745571 0.8636363636363636
bicycle 0.8455402851104736 0.6207729468599034 0.47058823529411764 0.6497584541062802 0.5909090909090909
car 0.9863337278366089 0.23752012882447665 0.4117647058823529 0.3607085346215781 0.7219251336898396
traffic_light 0.5853694677352905 0.751207729468599 0.3181818181818182 0.7648953301127214 0.3850267379679144
bicycle 0.9437255263328552 0.6280193236714976 0.6524064171122995 0.7181964573268921 0.9572192513368984
