track 16661000
bicycle 0.9242762923240662 0.784219001610306 0.6844919786096256 0.8913043478260869 1.0401069518716577
bicycle 0.7571735382080078 0.5281803542673108 0.660427807486631 0.5636070853462157 0.9224598930481284
bicycle 0.690727949142456 0.8993558776167472 0.7165775401069518 1 0.9973262032085561
car 0.5828923583030701 0.5265700483091788 0.43315508021390375 0.6167471819645732 0.6336898395721925
truck 0.5963667631149292 0.5233494363929146 0.42513368983957217 0.6183574879227053 0.6443850267379679
person 0.9469819664955139 0.5225442834138486 0.47058823529411764 0.57085346215781 0.8475935828877005
bicycle 0.48449191451072693 0.2463768115942029 0.5294117647058824 0.28180354267310787 0.6176470588235294
car 0.7906493544578552 0.7238325281803543 0.42513368983957217 0.8059581320450886 0.5962566844919787
car 0.43667691946029663 0.8494363929146538 0.40106951871657753 0.8816425120772947 0.5855614973262032
