track 14667000
bicycle 0.9597955942153931 0.6336553945249598 0.6684491978609626 0.7222222222222222 1.0080213903743316
bicycle 0.6097763776779175 0.46296296296296297 0.4946524064171123 0.49355877616747185 0.5802139037433155
bicycle 0.4434235095977783 0.644122383252818 0.4946524064171123 0.6698872785829307 0.6042780748663101
traffic_light 0.45679205656051636 0.785024154589372 0.2807486631016043 0.7995169082125604 0.35294117647058826
handbag 0.4303205907344818 0.7004830917874396 0.5614973262032086 0.7246376811594203 0.7299465240641712
person 0.9291350245475769 0.644927536231884 0.42513368983957217 0.71658615136876 0.9037433155080213
person 0.7893692255020142 0.9428341384863124 0.4304812834224599 0.9935587761674718 0.839572192513369
bicycle 0.7512891888618469 0.7576489533011272 0.5106951871657754 0.822866344605475 0.6256684491978609
car 0.9614424109458923 0.23752012882447665 0.4304812834224599 0.35507246376811596 0.732620320855615
traffic_light 0.5963963866233826 0.8454106280193237 0.22994652406417113 0.8727858293075684 0.34759358288770054
traffic_light 0.4009833335876465 0.06843800322061191 -0.01871657754010695 0.10789049919484701 0.28609625668449196
