detect
person 0.6908266544342041 0.6383641958236694 0.43371427059173584 0.7231057286262512 0.9030202627182007
bicycle 0.9879555702209473 0.8066591620445251 0.4949692189693451 0.8881574273109436 0.631763219833374
bicycle 0.9495664238929749 0.6457690000534058 0.6506576538085938 0.7317975163459778 1.0033202171325684
bicycle 0.8359062075614929 0.4945564866065979 0.4919484853744507 0.5268811583518982 0.580164909362793
bicycle 0.4129120409488678 0.7100610733032227 0.5333260893821716 0.737210750579834 0.6092232465744019
car 0.9608669281005859 0.23615333437919617 0.421320378780365 0.34854963421821594 0.7076581716537476
traffic_light 0.7682749629020691 0.09120092540979385 0.29546672105789185 0.11175364255905151 0.3928317725658417
traffic_light 0.7674016952514648 0.04324775189161301 -0.004202499985694885 0.08622042089700699 0.27946215867996216
traffic_light 0.7645462155342102 0.04898134991526604 0.2920575737953186 0.06631036102771759 0.3848842978477478
traffic_light 0.5237261056900024 0.8936264514923096 0.24126535654067993 0.9183380007743835 0.32927584648132324
handbag 0.577008843421936 0.7022987008094788 0.5449556708335876 0.7344583868980408 0.7081092000007629
