detect 28427000
person 0.9432329535484314 0.7606227397918701 0.44551995396614075 0.808537483215332 0.8325672149658203
person 0.5185433626174927 0.7059983611106873 0.46957480907440186 0.7243805527687073 0.609655499458313
bicycle 0.8075167536735535 0.7646762132644653 0.6406432390213013 0.7910118699073792 0.8633621335029602
bicycle 0.6036860346794128 0.22289490699768066 0.5427340269088745 0.27810925245285034 0.6831241846084595
bicycle 0.43812301754951477 0.5459316968917847 0.5079964399337769 0.5727170705795288 0.6240768432617188
car 0.9386918544769287 0.8359753489494324 0.4257087707519531 0.9608127474784851 0.6524406671524048
car 0.9194218516349792 0.9425067901611328 0.4247581362724304 1.000733733177185 0.7050175070762634
motorbike 0.44032132625579834 0.4762844741344452 0.5070308446884155 0.5472097396850586 0.6337860226631165
umbrella 0.46177390217781067 0.6822255849838257 0.37905773520469666 0.7425908446311951 0.43141400814056396
