track 16076000
person 0.9432329535484314 0.7713365539452496 0.44385026737967914 0.8180354267310789 0.820855614973262
person 0.5185433626174927 0.7020933977455717 0.4625668449197861 0.7206119162640902 0.606951871657754
bicycle 0.8075167536735535 0.7761674718196457 0.6310160427807486 0.8019323671497585 0.8502673796791443
bicycle 0.6036860346794128 0.2069243156199678 0.5347593582887701 0.2640901771336554 0.679144385026738
bicycle 0.43812301754951477 0.5394524959742351 0.5 0.5660225442834138 0.6176470588235294
car 0.9386918544769287 0.8478260869565217 0.42513368983957217 0.9694041867954911 0.6443850267379679
car 0.9194218516349792 0.9444444444444444 0.41711229946524064 1.0040257648953301 0.7058823529411765
motorbike 0.44032132625579834 0.4677938808373591 0.5 0.5402576489533011 0.6310160427807486
umbrella 0.46177390217781067 0.677938808373591 0.3716577540106952 0.7391304347826086 0.42513368983957217
