track 20464000
person 0.9432329535484314 0.7745571658615137 0.44385026737967914 0.822866344605475 0.8315508021390374
person 0.5185433626174927 0.6956521739130435 0.46524064171123 0.714170692431562 0.606951871657754
bicycle 0.6036860346794128 0.18760064412238325 0.5401069518716578 0.2431561996779388 0.6818181818181818
car 0.9386918544769287 0.8470209339774557 0.42245989304812837 0.9718196457326892 0.6497326203208557
car 0.9194218516349792 0.9420289855072463 0.42245989304812837 1 0.7032085561497327
motorbike 0.44032132625579834 0.45893719806763283 0.5026737967914439 0.5297906602254429 0.6310160427807486
bicycle 0.8075167536735535 0.7777777777777778 0.6550802139037433 0.8043478260869565 0.8770053475935828
bicycle 0.43812301754951477 0.5305958132045089 0.5053475935828877 0.5571658615136876 0.6229946524064172
umbrella 0.46177390217781067 0.6706924315619968 0.3716577540106952 0.7310789049919485 0.42513368983957217
