track 20329000
person 0.6735473871231079 0.6827697262479872 0.4572192513368984 0.7028985507246377 0.6203208556149733
bicycle 0.6334586143493652 0.7930756843800322 0.6417112299465241 0.8285024154589372 0.8582887700534759
bicycle 0.4658573567867279 0.49597423510466987 0.5187165775401069 0.5402576489533011 0.6256684491978609
car 0.9505798816680908 0.8631239935587761 0.42245989304812837 0.9758454106280193 0.6550802139037433
car 0.8706450462341309 0.9371980676328503 0.41711229946524064 0.9919484702093397 0.7165775401069518
person 0.8865883946418762 0.788244766505636 0.4411764705882353 0.8341384863123994 0.8021390374331551
bicycle 0.4640085697174072 0.18679549114331723 0.553475935828877 0.21658615136876005 0.6871657754010695
car 0.65574711561203 0.48148148148148145 0.4839572192513369 0.5136876006441223 0.5508021390374331
bicycle 0.6065130233764648 0.1497584541062802 0.5454545454545454 0.19806763285024154 0.6925133689839572
