track 18166000
person 0.9369203448295593 0.7971014492753623 0.45454545454545453 0.8446054750402576 0.7914438502673797
person 0.7052050232887268 0.6578099838969405 0.45989304812834225 0.6763285024154589 0.6363636363636364
bicycle 0.7494904398918152 0.1956521739130435 0.553475935828877 0.22705314009661837 0.6390374331550802
bicycle 0.7199408411979675 0.45652173913043476 0.5294117647058824 0.5088566827697263 0.6497326203208557
bicycle 0.578561007976532 0.06280193236714976 0.5588235294117647 0.11191626409017713 0.7219251336898396
bicycle 0.4699365198612213 0.09742351046698873 0.5641711229946524 0.14492753623188406 0.7165775401069518
bicycle 0.4361208975315094 0.12560386473429952 0.5588235294117647 0.1529790660225443 0.6951871657754011
car 0.9418403506278992 0.8888888888888888 0.446524064171123 0.961352657004831 0.6363636363636364
car 0.9007983207702637 0.9323671497584541 0.4358288770053476 0.9935587761674718 0.7459893048128342
motorbike 0.45601847767829895 0.4001610305958132 0.5320855614973262 0.43397745571658614 0.6577540106951871
umbrella 0.49761998653411865 0.6304347826086957 0.3716577540106952 0.6932367149758454 0.42780748663101603
