track 12965000
bicycle 0.637630045413971 0.4774557165861514 0.47593582887700536 0.5112721417069244 0.5668449197860963
car 0.9697156548500061 0.2359098228663446 0.4144385026737968 0.35104669887278583 0.7058823529411765
traffic_light 0.5472646951675415 0.8542673107890499 0.24866310160427807 0.8735909822866345 0.33689839572192515
traffic_light 0.4914199113845825 0.05394524959742351 -0.0213903743315508 0.09178743961352658 0.15508021390374332
traffic_light 0.47537094354629517 0.8904991948470209 0.20855614973262032 0.9162640901771336 0.32620320855614976
person 0.9274682998657227 0.6473429951690821 0.43315508021390375 0.7230273752012882 0.8770053475935828
person 0.5782090425491333 0.9637681159420289 0.45989304812834225 1 0.8342245989304813
bicycle 0.9412723183631897 0.642512077294686 0.6764705882352942 0.7334943639291466 1.03475935828877
handbag 0.4853808581829071 0.6908212560386473 0.5053475935828877 0.7302737520128825 0.7112299465240641
traffic_light 0.5469907522201538 0.04830917874396135 -0.013368983957219251 0.0893719806763285 0.2620320855614973
bicycle 0.9621288180351257 0.7979066022544283 0.4893048128342246 0.8695652173913043 0.6203208556149733
traffic_light 0.7564831376075745 0.09581320450885668 0.28342245989304815 0.11916264090177134 0.3770053475935829
traffic_light 0.655647873878479 0 0.232620320855615 0.02254428341384863 0.3609625668449198
