track 17445000
person 0.9369203448295593 0.7954911433172303 0.44919786096256686 0.8429951690821256 0.786096256684492
person 0.7052050232887268 0.6481481481481481 0.46524064171123 0.6666666666666666 0.6390374331550802
umbrella 0.49761998653411865 0.6199677938808373 0.3716577540106952 0.6827697262479872 0.42780748663101603
bicycle 0.4699365198612213 0.11674718196457327 0.5828877005347594 0.16264090177133655 0.7299465240641712
bicycle 0.4361208975315094 0.09581320450885668 0.5802139037433155 0.1215780998389694 0.7085561497326203
car 0.9418403506278992 0.8784219001610306 0.4358288770053476 0.9565217391304348 0.6417112299465241
car 0.9007983207702637 0.9251207729468599 0.43315508021390375 0.9871175523349437 0.7459893048128342
motorbike 0.45601847767829895 0.38405797101449274 0.5374331550802139 0.4170692431561997 0.660427807486631
bicycle 0.7494904398918152 0.20933977455716588 0.5561497326203209 0.23993558776167473 0.6390374331550802
bicycle 0.7199408411979675 0.4428341384863124 0.5347593582887701 0.4943639291465378 0.6524064171122995
bicycle 0.578561007976532 0.08132045088566828 0.5775401069518716 0.1280193236714976 0.732620320855615
