track
person 0.8537217974662781 0.7922705314009661 0.45989304812834225 0.8365539452495975 0.8128342245989305
person 0.5958477854728699 0.6239935587761675 0.4732620320855615 0.644927536231884 0.6443850267379679
bicycle 0.7342470288276672 0.001610305958132045 0.5855614973262032 0.057971014492753624 0.7433155080213903
bicycle 0.6316460967063904 0.41223832528180354 0.5213903743315508 0.47342995169082125 0.6764705882352942
bicycle 0.4500521719455719 0.7962962962962963 0.6417112299465241 0.8285024154589372 0.8502673796791443
bicycle 0.40881776809692383 0.11916264090177134 0.5775401069518716 0.15780998389694043 0.6657754010695187
car 0.8119752407073975 0.8896940418679549 0.446524064171123 0.9412238325281803 0.6470588235294118
car 0.7475171089172363 0.9138486312399355 0.40641711229946526 0.999194847020934 0.8101604278074866
car 0.5280592441558838 0.39371980676328505 0.4946524064171123 0.41304347826086957 0.5427807486631016
motorbike 0.43620938062667847 0.3446054750402576 0.5427807486631016 0.38405797101449274 0.6871657754010695
umbrella 0.4184248149394989 0.5958132045088567 0.3770053475935829 0.6626409017713365 0.43315508021390375
