track 24036000
person 0.5958477854728699 0.5990338164251208 0.4786096256684492 0.6199677938808373 0.6497326203208557
bicycle 0.40881776809692383 0.1247987117552335 0.5855614973262032 0.16344605475040258 0.6737967914438503
car 0.8119752407073975 0.8768115942028986 0.446524064171123 0.928341384863124 0.6470588235294118
car 0.7475171089172363 0.8985507246376812 0.40641711229946526 0.9838969404186796 0.8101604278074866
car 0.5280592441558838 0.3615136876006441 0.49732620320855614 0.3808373590982287 0.5454545454545454
umbrella 0.4184248149394989 0.5700483091787439 0.3770053475935829 0.6368760064412239 0.43315508021390375
person 0.8537217974662781 0.7818035426731079 0.4572192513368984 0.8260869565217391 0.8101604278074866
bicycle 0.7342470288276672 0.021739130434782608 0.5614973262032086 0.07809983896940419 0.7192513368983957
bicycle 0.6316460967063904 0.37681159420289856 0.5320855614973262 0.43800322061191627 0.6871657754010695
bicycle 0.4500521719455719 0.785829307568438 0.6336898395721925 0.8180354267310789 0.8422459893048129
motorbike 0.43620938062667847 0.3132045088566828 0.553475935828877 0.3526570048309179 0.6978609625668449
