track 17233000
person 0.6889704465866089 0.7632850241545893 0.46524064171123 0.8067632850241546 0.8128342245989305
person 0.5646679401397705 0.5579710144927537 0.47593582887700536 0.5797101449275363 0.6684491978609626
bicycle 0.9242143630981445 0.3115942028985507 0.553475935828877 0.38164251207729466 0.7219251336898396
car 0.7557865977287292 0.8768115942028986 0.4090909090909091 0.9935587761674718 0.8128342245989305
car 0.7143362164497375 0.3059581320450886 0.5053475935828877 0.33172302737520126 0.553475935828877
car 0.5684908628463745 0.8623188405797102 0.44919786096256686 0.8977455716586151 0.6310160427807486
car 0.47654977440834045 0.8349436392914654 0.48663101604278075 0.8615136876006442 0.5828877005347594
motorbike 0.47718143463134766 0.22544283413848631 0.553475935828877 0.28421900161030594 0.7433155080213903
truck 0.5783578753471375 0.8752012882447665 0.3877005347593583 0.9943639291465378 0.8262032085561497
umbrella 0.4264582395553589 0.5257648953301127 0.3663101604278075 0.5974235104669887 0.42780748663101603
