track 15763000
person 0.9663286805152893 0.751207729468599 0.48128342245989303 0.7914653784219001 0.7593582887700535
person 0.5752935409545898 0.5297906602254429 0.4732620320855615 0.5531400966183575 0.6737967914438503
bicycle 0.9837936758995056 0.2616747181964573 0.5641711229946524 0.3365539452495974 0.7486631016042781
car 0.9422100186347961 0.8027375201288245 0.4946524064171123 0.8413848631239935 0.5775401069518716
car 0.834658682346344 0.8494363929146538 0.446524064171123 0.8768115942028986 0.6417112299465241
car 0.8183995485305786 0.2640901771336554 0.5026737967914439 0.29549114331723025 0.5561497326203209
car 0.5362268686294556 0.8623188405797102 0.4090909090909091 0.9943639291465378 0.839572192513369
motorbike 0.5493391156196594 0.16747181964573268 0.5614973262032086 0.23510466988727857 0.7941176470588235
truck 0.5297651886940002 0.8623188405797102 0.40106951871657753 0.9959742351046699 0.8475935828877005
traffic_light 0.4435698688030243 0.8840579710144928 0.38235294117647056 0.8985507246376812 0.4385026737967914
