track 19178000
person 0.9737246632575989 0.7399355877616747 0.47593582887700536 0.7777777777777778 0.7620320855614974
person 0.5150613784790039 0.501610305958132 0.4786096256684492 0.5225442834138486 0.6898395721925134
bicycle 0.9744752049446106 0.20450885668276972 0.5668449197860963 0.2898550724637681 0.7727272727272727
bicycle 0.6214591264724731 0.2946859903381642 0.5454545454545454 0.32045088566827695 0.6229946524064172
car 0.9754607677459717 0.7721417069243156 0.48663101604278075 0.821256038647343 0.5802139037433155
car 0.8831627368927002 0.8333333333333334 0.446524064171123 0.8655394524959742 0.6310160427807486
car 0.4841168224811554 0.29549114331723025 0.5026737967914439 0.3148148148148148 0.5614973262032086
motorbike 0.5610703229904175 0.0861513687600644 0.56951871657754 0.1747181964573269 0.7941176470588235
truck 0.7102845907211304 0.8510466988727858 0.3877005347593583 0.9959742351046699 0.8422459893048129
umbrella 0.40501436591148376 0.46618357487922707 0.3582887700534759 0.5434782608695652 0.4304812834224599
