track 18026000
person 0.9657296538352966 0.7278582930756844 0.47593582887700536 0.7632850241545893 0.7406417112299465
person 0.5807589292526245 0.47101449275362317 0.47593582887700536 0.4943639291465378 0.7112299465240641
bicycle 0.9625086188316345 0.13526570048309178 0.5882352941176471 0.2359098228663446 0.8074866310160428
bicycle 0.6767635345458984 0.250402576489533 0.5374331550802139 0.27938808373590984 0.6336898395721925
bicycle 0.666839063167572 0.7310789049919485 0.6096256684491979 0.7544283413848631 0.7834224598930482
car 0.9510458707809448 0.748792270531401 0.4893048128342246 0.785024154589372 0.5775401069518716
car 0.8182069659233093 0.8115942028985508 0.44919786096256686 0.8470209339774557 0.6203208556149733
motorbike 0.8359053134918213 -0.00966183574879227 0.5802139037433155 0.10950080515297907 0.8502673796791443
truck 0.7520964741706848 0.8413848631239935 0.40106951871657753 1.000805152979066 0.9010695187165776
traffic_light 0.47010573744773865 0.8760064412238325 0.3770053475935829 0.8872785829307569 0.42245989304812837
traffic_light 0.4473976790904999 0.9597423510466989 0.37967914438502676 0.9677938808373591 0.4037433155080214
