track 15515000
traffic_light 0.4473976790904999 0.966183574879227 0.38235294117647056 0.9766505636070854 0.4117647058823529
person 0.9657296538352966 0.7206119162640902 0.46524064171123 0.7576489533011272 0.7433155080213903
person 0.5807589292526245 0.4557165861513688 0.48663101604278075 0.4782608695652174 0.713903743315508
bicycle 0.666839063167572 0.7254428341384863 0.5989304812834224 0.749597423510467 0.7780748663101604
car 0.8182069659233093 0.8091787439613527 0.45454545454545453 0.8429951690821256 0.6176470588235294
truck 0.7520964741706848 0.8285024154589372 0.4037433155080214 0.9830917874396136 0.8903743315508021
bicycle 0.9625086188316345 0.11191626409017713 0.606951871657754 0.20611916264090177 0.8128342245989305
bicycle 0.6767635345458984 0.22705314009661837 0.5374331550802139 0.2560386473429952 0.6336898395721925
car 0.9510458707809448 0.7375201288244766 0.48663101604278075 0.7745571658615137 0.5775401069518716
motorbike 0.8359053134918213 0.05394524959742351 0.6229946524064172 0.16183574879227053 0.8663101604278075
traffic_light 0.47010573744773865 0.8446054750402576 0.44919786096256686 0.855877616747182 0.4946524064171123
