track 19565000
person 0.9554007053375244 0.7037037037037037 0.48128342245989303 0.7407407407407407 0.7433155080213903
person 0.8877846598625183 0.4025764895330113 0.46524064171123 0.42914653784219003 0.7352941176470589
bicycle 0.9577183723449707 -0.05958132045088567 0.6203208556149733 0.07648953301127215 0.9090909090909091
bicycle 0.8802444934844971 0.14895330112721417 0.5294117647058824 0.177938808373591 0.6417112299465241
bicycle 0.6152172684669495 0.7037037037037037 0.6149732620320856 0.7342995169082126 0.7807486631016043
car 0.9397512674331665 0.7705314009661836 0.45989304812834225 0.8132045088566827 0.6042780748663101
car 0.9153918623924255 0.07326892109500806 0.4893048128342246 0.11674718196457327 0.553475935828877
car 0.6725950241088867 0.6876006441223832 0.48663101604278075 0.7133655394524959 0.56951871657754
car 0.5827851891517639 0.822866344605475 0.3877005347593583 1.003220611916264 1.0053475935828877
car 0.4690191447734833 0.7415458937198067 0.4625668449197861 0.7560386473429952 0.4946524064171123
truck 0.8196659684181213 0.8156199677938808 0.3770053475935829 1.0048309178743962 0.9679144385026738
umbrella 0.46750175952911377 0.35909822866344604 0.32085561497326204 0.4500805152979066 0.4090909090909091
