detect 114729000
person 0.9556882381439209 0.6996779388083736 0.4893048128342246 0.7359098228663447 0.7352941176470589
person 0.60477215051651 0.3856682769726248 0.46524064171123 0.4106280193236715 0.7540106951871658
person 0.5571858286857605 0.0998389694041868 0.45989304812834225 0.11674718196457327 0.5748663101604278
bicycle 0.59111487865448 0.7004830917874396 0.6149732620320856 0.7262479871175523 0.7727272727272727
car 0.9799811244010925 0.6755233494363929 0.4893048128342246 0.7125603864734299 0.5802139037433155
car 0.944580614566803 0.04508856682769726 0.48663101604278075 0.10064412238325282 0.5588235294117647
car 0.5649838447570801 0.7206119162640902 0.47593582887700536 0.7399355877616747 0.516042780748663
car 0.514114499092102 0.820450885668277 0.3716577540106952 0.9959742351046699 1
truck 0.8612810969352722 0.8107890499194848 0.38235294117647056 1 0.9652406417112299
truck 0.727390706539154 0.7584541062801933 0.46524064171123 0.8051529790660226 0.606951871657754
umbrella 0.4493231773376465 0.33816425120772947 0.3155080213903743 0.4355877616747182 0.5481283422459893
