track 18649000
person 0.9556882381439209 0.6932367149758454 0.48663101604278075 0.7294685990338164 0.7352941176470589
person 0.60477215051651 0.36312399355877617 0.4679144385026738 0.3888888888888889 0.7700534759358288
person 0.5571858286857605 0.0748792270531401 0.44919786096256686 0.09339774557165861 0.5775401069518716
bicycle 0.59111487865448 0.6940418679549114 0.606951871657754 0.7206119162640902 0.7727272727272727
car 0.9799811244010925 0.6610305958132046 0.4919786096256685 0.6972624798711755 0.5802139037433155
car 0.944580614566803 0.015297906602254429 0.48128342245989303 0.07246376811594203 0.553475935828877
car 0.5649838447570801 0.710950080515298 0.4572192513368984 0.7318840579710145 0.5
car 0.514114499092102 0.8188405797101449 0.3609625668449198 1.0072463768115942 1.03475935828877
truck 0.8612810969352722 0.8083735909822867 0.3770053475935829 1.0064412238325282 0.9893048128342246
truck 0.727390706539154 0.7455716586151369 0.4679144385026738 0.7906602254428341 0.6042780748663101
umbrella 0.4493231773376465 0.3140096618357488 0.3048128342245989 0.41626409017713367 0.5481283422459893
